1.20957e-18
 6.06232e-18
 9.78956e-17
 2.44371e-17
 7.54142e-16
 5.56955e-17
 2.89006e-15
 1.00816e-16
 7.87177e-15
 1.61224e-16
 1.74946e-14
 2.38855e-16
 3.39611e-14
 3.3624e-16
 5.98531e-14
 4.56614e-16
 9.81e-14
 6.04076e-16
 1.51941e-13
 7.83781e-16
 2.24881e-13
 1.00221e-15
 3.2065e-13
 1.2675e-15
 4.43146e-13
 1.58993e-15
 5.96386e-13
 1.98252e-15
 7.84444e-13
 2.46184e-15
 1.0114e-12
 3.04918e-15
 1.28126e-12
 3.77205e-15
 1.5979e-12
 4.6664e-15
 1.96503e-12
 5.77961e-15
 2.38606e-12
 7.17491e-15
 2.86408e-12
 8.93781e-15
 3.40178e-12
 1.11856e-14
 4.00138e-12
 1.40819e-14
 4.66453e-12
 1.78591e-14
 5.39224e-12
 2.28549e-14
 6.18482e-12
 2.95716e-14
 7.04171e-12
 3.87785e-14
 7.96138e-12
 5.16941e-14
 8.94109e-12
 7.0326e-14
 9.97649e-12
 9.81456e-14
 1.1061e-11
 1.41516e-13
 1.21841e-11
 2.12987e-13
 1.33285e-11
 3.39705e-13
 1.44613e-11
 5.87827e-13
 1.55097e-11
 1.14478e-12
 1.62788e-11
 2.63236e-12
 1.61386e-11
 6.95254e-12
 1.31778e-11
 1.45228e-11
 6.96938e-12
 1.9737e-11
 3.1088e-12
 2.25552e-11
 1.62479e-12
 2.44837e-11
 9.99614e-13
 2.60539e-11
 6.8957e-13
 2.74331e-11
 5.14953e-13
 2.86773e-11
 4.07106e-13
 2.98039e-11
 3.35848e-13
 3.0815e-11
 2.86339e-13
 3.17061e-11
 2.50613e-13
 3.24695e-11
 2.24086e-13
 3.30965e-11
 2.03966e-13
 3.35777e-11
 1.88477e-13
 3.39044e-11
 1.76445e-13
 3.40681e-11
 1.6707e-13
 3.40617e-11
 1.59795e-13
 3.3879e-11
 1.54223e-13
 3.35156e-11
 1.50069e-13
 3.29684e-11
 1.47127e-13
 3.22364e-11
 1.45249e-13
 3.13206e-11
 1.4433e-13
 3.02241e-11
 1.44301e-13
 2.89522e-11
 1.45119e-13
 2.75127e-11
 1.46768e-13
 2.59158e-11
 1.49251e-13
 2.41743e-11
 1.52593e-13
 2.23031e-11
 1.56841e-13
 2.032e-11
 1.62065e-13
 1.82449e-11
 1.68358e-13
 1.61e-11
 1.75845e-13
 1.39097e-11
 1.84686e-13
 1.17001e-11
 1.95083e-13
 9.49909e-12
 2.07292e-13
 7.33564e-12
 2.21642e-13
 5.23972e-12
 2.38547e-13
 3.24172e-12
 2.58544e-13
 1.37199e-12
 2.82325e-13
 -3.39702e-13
 3.10797e-13
 -1.86483e-12
 3.45164e-13
 -3.17672e-12
 3.87043e-13
 -4.25135e-12
 4.3864e-13
 -5.06814e-12
 5.03014e-13
 -5.61084e-12
 5.84482e-13
 -5.86865e-12
 6.89253e-13
 -5.83742e-12
 8.26427e-13
 -5.52124e-12
 1.00958e-12
 -4.93463e-12
 1.25931e-12
 -4.10545e-12
 1.60707e-12
 -3.07917e-12
 2.10064e-12
 -1.92456e-12
 2.81006e-12
 -7.39731e-13
 3.82883e-12
 3.46729e-13
 5.2574e-12
 1.19247e-12
 7.15498e-12
 1.69006e-12
 9.47727e-12
 1.82987e-12
 1.20671e-11
 1.71034e-12
 1.47249e-11
 1.46861e-12
 1.7284e-11
 1.20663e-12
 1.96301e-11
 9.73172e-13
 2.16854e-11
 7.81579e-13
 2.33908e-11
 6.29416e-13
 2.4697e-11
 5.09519e-13
 2.55621e-11
 4.14529e-13
 2.59523e-11
 3.38267e-13
 2.5844e-11
 2.75893e-13
 2.52259e-11
 2.23688e-13
 2.41007e-11
 1.78776e-13
 2.24871e-11
 1.38867e-13
 2.04203e-11
 1.02053e-13
 1.79527e-11
 6.66294e-14
 1.51535e-11
 3.09462e-14
 1.21075e-11
 -6.74691e-15
 8.91338e-12
 -4.84632e-14
 5.68061e-12
 -9.6671e-14
 2.52625e-12
 -1.54517e-13
 -4.29479e-13
 -2.26049e-13
 -3.06807e-12
 -3.16291e-13
 -5.27813e-12
 -4.30738e-13
 -6.96167e-12
 -5.73037e-13
 -8.04193e-12
 -7.38172e-13
 -8.47537e-12
 -8.96761e-13
 -8.27159e-12
 -9.69642e-13
 -7.52174e-12
 -8.11563e-13
 -6.41626e-12
 -2.47754e-13
 -5.20774e-12
 8.30456e-13
 -4.11267e-12
 2.3957e-12
 -3.23664e-12
 4.30281e-12
 -2.5856e-12
 6.35123e-12
 -2.11946e-12
 8.33478e-12
 -1.79161e-12
 1.00679e-11
 -1.56434e-12
 1.13989e-11
 -1.41111e-12
 1.22176e-11
 -1.31474e-12
 1.24608e-11
 -1.26517e-12
 1.2116e-11
 -1.25793e-12
 1.12211e-11
 -1.2934e-12
 9.8622e-12
 -1.37696e-12
 8.16673e-12
 -1.51953e-12
 6.2942e-12
 -1.7382e-12
 4.42342e-12
 -2.05433e-12
 2.73582e-12
 -2.48344e-12
 1.39014e-12
 -3.00913e-12
 4.8274e-13
 -3.5495e-12
 3.34968e-15
 -3.96299e-12
 -1.65232e-13
 -4.12274e-12
 -1.73719e-13
 -3.98922e-12
 -1.29069e-13
 -3.61437e-12
 -8.05065e-14
 -3.10433e-12
 -4.29892e-14
 -2.58222e-12
 -1.81858e-14
 -2.16163e-12
 -4.3969e-15
 -1.92834e-12
 -6.50349e-31
 8.40972e-28
 3.50549e-28
 -4.40237e-28
 5.72442e-09
