-1.16697e-84
 -5.20776e-83
 -8.8334e-84
 -2.84451e-83
 -2.66113e-83
 -2.46564e-83
 -1.8214e-83
 7.02349e-84
 -5.97569e-84
 9.51236e-84
 6.06107e-84
 1.67825e-83
 2.03027e-83
 1.61034e-83
 2.31029e-83
 8.38924e-84
 2.83711e-84
 3.10449e-83
 1.13144e-83
 1.06355e-83
 7.7779e-84
 5.20703e-84
 3.1734e-85
 -2.44276e-84
 7.54555e-85
 -3.6255e-84
 3.06389e-84
 1.48201e-84
 -6.07641e-84
 -5.55474e-86
 -8.09765e-84
 -3.39904e-84
 -3.58695e-84
 2.14973e-84
 1.61491e-84
 -4.28057e-85
 7.02886e-84
 5.19545e-84
 -6.56659e-84
 -3.00947e-84
 -3.1653e-84
 4.70139e-84
 2.27182e-84
 -1.51865e-84
 1.71102e-84
 4.4661e-86
 -8.95764e-85
 2.93579e-84
 -1.73004e-84
 1.92555e-84
 3.96126e-84
 2.59876e-85
 2.08435e-84
 4.2292e-84
 -1.34845e-84
 2.06613e-84
 2.73527e-84
 2.3798e-84
 8.03984e-85
 -1.48083e-84
 -3.20927e-84
 -2.40788e-84
 -6.27304e-85
 -6.32843e-84
 1.43876e-84
 9.03415e-85
 -1.40553e-84
 -3.25864e-84
 -1.52641e-84
 -4.03218e-84
 -2.70575e-84
 -1.15495e-84
 -6.13613e-85
 -4.57582e-85
 -6.89158e-85
 1.72285e-84
 -4.25167e-85
 4.09768e-85
 1.26975e-84
 1.08122e-84
 2.74489e-85
 1.72859e-85
 4.04607e-85
 3.98438e-85
 -1.42081e-85
 2.41154e-85
 2.37588e-85
 1.41794e-85
 1.58034e-86
 2.02137e-86
 -4.32947e-85
 1.06496e-85
 -4.82152e-85
 2.25818e-86
 5.28061e-86
 -7.29609e-86
 1.12477e-86
 -9.92737e-86
 -3.90882e-86
 -3.89948e-86
