-1.10715e-44
 1.98941e-43
 -2.55506e-43
 -7.01813e-44
 -7.02038e-44
 1.62658e-44
 1.40079e-43
 1.75747e-44
 -1.79985e-44
 5.31946e-44
 1.27247e-44
 -4.32896e-44
 -7.08219e-44
 -1.20422e-43
 2.8697e-44
 6.98744e-45
 1.17137e-44
 -4.57111e-44
 -4.15804e-44
 5.11313e-44
 -1.15927e-43
 -6.66684e-44
 -6.49568e-44
 -6.97158e-45
 7.33815e-44
 -2.32755e-44
 4.53563e-44
 1.99173e-44
 -1.44532e-44
 3.87498e-46
 5.88697e-44
 -4.43934e-44
 9.81917e-44
 -3.2381e-44
 3.20513e-44
 -1.38583e-44
 -1.19113e-44
 1.54995e-45
 8.49121e-44
 -1.99079e-44
 -1.9224e-44
 -2.22746e-44
 -1.17222e-46
 -2.28685e-44
 -1.05492e-44
 4.45899e-44
 1.64539e-44
 4.51992e-44
 8.9899e-44
 1.30111e-44
 2.57005e-44
 -1.40213e-44
 2.10194e-44
 -6.09189e-45
 6.40262e-44
 5.3586e-44
 6.34741e-44
 2.1111e-44
 4.1231e-44
 9.05096e-45
 -1.52243e-44
 -2.81271e-44
 -5.9539e-44
 1.83194e-44
 -3.61902e-44
 -1.34628e-44
 -1.21031e-44
 1.00565e-44
 -4.46918e-44
 -6.33039e-45
 -9.10466e-46
 -8.66929e-45
 -4.08208e-45
 4.206e-45
 5.95146e-45
 4.80742e-45
 -7.16367e-45
 1.97252e-45
 -5.95082e-46
 -1.96132e-45
 -1.05374e-44
 2.93349e-46
 -1.82071e-44
 2.23163e-45
 -8.23044e-45
 -1.64885e-45
 -5.35277e-45
 9.39368e-46
 -8.47382e-45
 1.10725e-45
 -2.24826e-45
 1.88658e-45
 2.17e-45
 5.00614e-46
 1.98598e-45
 1.11518e-45
 2.26817e-45
 3.63927e-46
 2.58992e-45
 -3.74549e-47
