-4.6464e-04
 2.77342e-03
 3.82116e-03
 4.98896e-03
 1.87975e-03
 7.1375e-03
 8.00421e-03
 9.23707e-03
 1.11953e-02
 1.12907e-02
 1.19587e-02
 1.32991e-02
 3.08608e-02
 1.52639e-02
 1.56858e-02
 1.71809e-02
 3.99528e-02
 3.83137e-02
 3.16342e-02
 2.08827e-02
 4.86241e-02
 4.54898e-02
 2.2437e-02
 2.45506e-02
 5.7201e-02
 5.11184e-02
 2.54525e-02
 2.77463e-02
 6.56746e-02
 4.70669e-02
 5.10157e-02
 2.01951e-02
 -7.11396e-04
 3.2428e-02
 1.99739e-02
 3.45591e-02
 6.50684e-02
 3.53363e-02
 3.30228e-02
 3.67141e-02
 6.43812e-02
 3.80629e-02
 3.50485e-02
 3.93553e-02
 9.83471e-02
 6.1341e-02
 3.68242e-02
 4.18319e-02
 1.06194e-01
 7.77358e-02
 1.12513e-01
 9.00013e-02
 1.13875e-01
 8.59996e-02
 1.17631e-01
 1.68765e-01
 1.63162e-01
 1.1482e-01
 6.64076e-02
 -1.04155e-02
 -1.16377e-03
 4.90888e-02
 4.14468e-02
 3.62051e-02
 -1.02028e-03
 -6.94502e-03
 -1.06499e-03
 -3.25723e-02
 -1.05021e-03
 5.22046e-02
 7.65664e-03
 1.8677e-02
 -9.14513e-04
 -7.54484e-03
 -8.89438e-04
 -2.51433e-02
 -8.51115e-04
 4.86204e-02
 -5.42641e-04
 2.22382e-02
 -6.33325e-04
 5.86945e-03
 -6.38119e-04
 -1.83215e-02
 -5.92999e-04
 3.74524e-02
 -4.57577e-04
 1.90293e-02
 -3.38746e-04
 -8.96752e-04
 -3.95428e-04
 -4.70875e-03
 -3.04392e-04
 2.27208e-02
 -2.16401e-04
 3.13146e-02
 2.15341e-05
 -1.78742e-03
 -9.38295e-05
 -8.03226e-03
 -1.27286e-04
 2.94775e-02
 1.51242e-04
 4.42806e-03
 6.98314e-05
 1.34523e-02
 6.22589e-05
 -1.41966e-02
 7.3294e-05
 1.29307e-02
 2.69051e-05
 9.23071e-03
 2.91493e-04
 -1.09229e-02
 8.44747e-06
 -3.83687e-04
 1.58129e-04
 -2.73537e-03
 6.23708e-05
 1.17999e-02
 1.76816e-04
 -8.91129e-03
 8.70203e-05
 -1.14842e-02
 -8.40838e-05
 7.0154e-03
 9.50159e-05
 -3.80869e-03
 -2.00563e-05
 9.31121e-05
 -1.10315e-04
 -1.19274e-02
 -1.64807e-04
 1.0503e-03
 -2.93409e-04
 3.83704e-03
 1.68174e-05
 -7.3397e-03
 -4.39645e-04
 -2.12479e-03
 -3.2292e-04
 -1.51162e-03
 -4.59981e-04
 5.71885e-03
 -2.14375e-04
 -1.8812e-03
 -5.19759e-04
 -2.10818e-03
 -5.82161e-04
 2.02521e-03
 -6.15504e-04
 7.55574e-03
 -1.3336e-04
 -7.49183e-04
 -6.96587e-04
 2.53842e-03
 -6.49039e-04
 3.25827e-03
 -5.0178e-04
 6.29289e-03
 -4.03228e-04
 6.16594e-03
 -1.01353e-04
 -2.02808e-03
 -1.01212e-03
 8.21988e-03
 -2.1547e-04
 4.74917e-03
 1.93937e-04
 2.9271e-03
 -9.77199e-04
 5.938e-03
 5.4373e-04
 -2.50866e-03
 -1.4963e-03
 1.09917e-02
 1.95913e-03
 -3.61182e-03
 -9.87577e-04
 3.98686e-03
 -7.62176e-04
 1.7751e-03
 3.97388e-04
 -2.4678e-04
 -1.46777e-03
 5.46967e-03
 1.79235e-03
 -7.10087e-03
 -2.22546e-03
 3.77738e-03
 -8.74546e-05
 -1.40035e-03
 7.80591e-06
 -2.12658e-03
 -2.3167e-03
 8.10976e-04
 7.73351e-04
 -6.81388e-03
 -3.3177e-03
 3.00771e-03
 1.41245e-03
 -5.75755e-03
 -2.22189e-03
 -9.33242e-04
 -2.15999e-03
 -2.00484e-03
 -5.08355e-04
 -2.80108e-03
 -2.88596e-03
 3.12841e-04
 7.35275e-04
 -4.41049e-03
 -3.27102e-03
 -1.74658e-04
 -1.0987e-03
 -1.28949e-03
 -4.6697e-04
 -1.13738e-03
 -1.89487e-03
 -3.86869e-04
 -2.445e-04
 -1.36499e-03
 -1.95433e-03
 4.19109e-04
 4.86293e-04
 -3.34229e-04
 -5.59197e-05
 -8.75992e-07
 -4.95862e-04
 1.79028e-04
 3.25296e-05
 5.78949e-04
 1.38088e-03
 3.12156e-04
 5.43328e-04
 9.48807e-04
 1.60758e-03
 2.95156e-04
 9.19239e-04
 1.11291e-03
 1.49932e-03
 8.20334e-04
 3.74766e-03
 6.45604e-04
 -2.71839e-04
 1.35599e-03
 4.57001e-03
 2.936e-04
 8.36098e-04
 1.52442e-03
 3.54087e-03
 5.2599e-04
 3.41255e-03
 1.08414e-03
 1.48818e-04
 1.03126e-03
 6.0386e-03
 3.41177e-04
 -1.83135e-04
 1.39424e-03
 4.5751e-03
 1.46883e-04
 1.9902e-03
 1.1615e-03
 9.08323e-04
 4.5849e-04
 5.22234e-03
 5.37466e-04
 -1.50861e-03
 8.34495e-04
 5.00403e-03
 -9.71985e-05
 -3.06767e-04
 9.02063e-04
 1.92606e-03
 -2.2667e-05
 2.49265e-03
 6.01132e-04
 -1.30704e-03
 2.24481e-04
 3.52576e-03
 -3.66838e-06
 -1.42083e-03
 4.1092e-04
 1.73789e-03
 -1.8239e-04
 2.08984e-04
 3.18572e-04
 -4.75517e-04
 -7.52691e-05
 1.19311e-03
 8.06648e-05
 -9.79824e-04
 3.56473e-05
 5.92805e-04
 -6.7199e-05
 -3.2061e-04
 7.07619e-06
 -4.38394e-01
 -1.63355e-01
