-2.3925e-86
 -2.51346e-88
 5.31753e-86
 6.34962e-86
 -1.21274e-86
 2.04532e-86
 2.05789e-86
 6.95442e-86
 7.38328e-87
 -3.68693e-86
 2.62342e-87
 6.26479e-86
 4.00268e-86
 -9.87317e-86
 -2.82607e-86
 3.70735e-87
 3.31933e-86
 3.00829e-86
 3.84716e-86
 -1.6149e-86
 -8.41536e-86
 3.26435e-86
 -4.29644e-86
 -3.63509e-86
 1.61647e-86
 -4.24146e-87
 3.21408e-86
 -4.70802e-86
 -2.61399e-86
 -2.1113e-86
 -3.77333e-86
 -5.95375e-87
 1.46095e-87
 -3.36175e-87
 -3.40259e-86
 -4.42054e-86
 -2.06103e-86
 -3.66336e-86
 -3.34604e-86
 -6.51928e-87
 -1.57091e-88
 -3.45914e-86
 9.88102e-87
 -6.31506e-87
 -2.01076e-86
 1.91494e-86
 -4.10007e-87
 1.92908e-86
 -2.11916e-86
 2.27939e-86
 -1.47037e-86
 1.44524e-86
 3.88015e-87
 -7.87026e-87
 3.25178e-87
 6.37789e-87
 1.85367e-87
 3.14182e-87
 3.75762e-86
 -3.08841e-86
 1.39811e-87
 1.46095e-87
 3.23607e-86
 -3.70735e-87
 1.45466e-86
 1.33999e-86
 2.0469e-86
 2.79936e-86
 -2.31238e-86
 -9.81819e-87
 -1.79555e-86
 8.9856e-87
 -1.22217e-86
 1.35098e-87
 -1.11535e-87
 -1.2206e-86
 -2.72396e-86
 1.33527e-87
 -6.97484e-87
 -1.21903e-86
 1.12477e-86
 1.12634e-86
 2.01076e-86
 -4.25717e-87
 5.41964e-87
 5.71811e-87
 8.20015e-87
 5.27826e-87
 1.70758e-86
 -9.28408e-87
 1.08707e-86
 1.00852e-86
 1.57405e-86
 -3.59738e-87
 -4.35142e-87
 1.47666e-86
 -1.44524e-87
 1.17975e-86
 3.35861e-86
 1.33213e-86
 3.44029e-87
 2.40663e-86
 2.91247e-86
 1.06036e-86
 -9.03273e-87
 4.32e-87
 2.05161e-86
 -4.28858e-87
 1.10749e-86
 -6.06371e-87
 -6.51928e-87
 -9.73964e-87
 -7.4304e-87
 -1.93222e-87
 1.56306e-86
 -6.55069e-87
 -1.56148e-86
 1.0368e-86
 3.61309e-88
 -8.05877e-87
 -1.20489e-86
 1.28815e-87
 1.90237e-86
 -1.18447e-86
 -6.28364e-89
 -1.52692e-86
 3.14182e-89
 -2.02019e-86
 1.07607e-86
 -2.21812e-86
 -5.73382e-87
 -1.65103e-86
 -1.50807e-86
 -7.63462e-87
 -1.30386e-86
 -6.75491e-88
 -7.69746e-88
 -2.43491e-87
 1.6526e-86
 -3.14182e-88
 5.26255e-87
 -1.53949e-87
 7.38328e-87
 -1.53321e-86
 8.35724e-87
 -2.7648e-87
 4.13935e-87
 -6.3936e-87
 -1.67066e-86
 -1.6416e-87
 3.29891e-88
 -2.91404e-87
 -5.78095e-87
 3.40102e-87
 -2.81193e-87
 -1.82226e-87
 -6.36219e-88
 1.34784e-86
 -4.79128e-87
 4.68131e-87
 2.08146e-87
 1.54342e-86
 3.95084e-87
 1.02895e-86
 -6.22866e-87
 4.02153e-87
 1.07686e-86
 -2.35636e-88
 -4.88553e-87
 7.22619e-87
 -1.18604e-87
 2.22284e-87
 5.12117e-87
 6.28364e-87
 -1.82226e-87
 4.94051e-87
 2.05004e-87
 1.16247e-87
 6.66066e-87
 -2.35636e-87
 -1.28815e-87
 -7.40684e-87
 -3.92727e-88
 -8.06662e-87
 -6.75491e-88
 3.456e-88
 -3.95869e-87
 -2.45847e-87
 5.67098e-87
 1.20175e-87
 1.80655e-87
 4.79128e-88
 1.42167e-87
 4.08437e-88
 7.13979e-87
 -2.84335e-87
 2.01076e-87
 1.09964e-87
 9.18982e-87
 -8.09019e-88
 6.54284e-87
 -2.87477e-87
 6.88059e-87
 -3.69949e-87
 1.36669e-87
 1.34313e-87
 4.76771e-87
 -3.46386e-87
 -2.42706e-87
 1.75156e-87
 -2.79622e-87
 0.0
 -6.17368e-87
 9.35477e-87
 1.68873e-87
 1.0533e-86
 5.96946e-88
 6.29149e-87
 -2.29353e-87
 5.81237e-87
 -5.42749e-87
 8.67142e-87
 -2.92189e-87
 6.59782e-87
 -2.94546e-87
 3.98226e-87
 -8.2512e-87
 1.97542e-87
 -8.69106e-87
 4.58313e-87
 -5.93018e-87
 5.39215e-87
 -5.65135e-87
 2.10109e-87
 -3.88015e-87
 -8.09019e-88
 -3.74269e-87
 1.80655e-87
 -1.1664e-87
 -1.26851e-87
 -3.52277e-87
 -1.48058e-87
 1.96364e-89
 -3.56204e-87
 -2.60771e-87
 -2.16e-87
 -1.19389e-87
 -1.44524e-87
 -6.95128e-88
 -5.184e-88
 -8.83637e-88
 9.03273e-89
 1.02109e-88
 3.33818e-88
 4.59491e-88
 1.11927e-87
 -1.02109e-87
 4.43782e-88
 4.12364e-88
 9.46473e-88
 2.12073e-88
 -2.63127e-88
 -7.65819e-88
 5.49818e-88
 -2.35636e-89
 7.14764e-88
 -8.56146e-88
 6.00873e-88
 -4.83055e-88
 3.37746e-88
 2.592e-88
 1.09964e-87
 -8.05091e-88
 6.67637e-89
 -1.92436e-88
 5.49818e-88
 -1.57091e-88
 1.96364e-89
 -1.49236e-88
 2.51346e-88
 2.08146e-88
 1.41382e-88
 -1.33527e-88
 -4.90909e-88
 7.46182e-89
 -9.81819e-89
 6.048e-88
 -2.43491e-88
 2.08146e-88
 -5.06618e-88
 1.61018e-88
 -3.18109e-88
 6.63709e-88
 -6.51928e-88
 4.28073e-88
 -5.69455e-88
 2.67055e-88
 -6.99055e-88
 -1.15537e-88
 1.72045e-87
