-6.84917e-87
 5.04262e-87
 2.30924e-87
 4.69702e-87
 3.18895e-87
 1.91651e-87
 4.85411e-87
 -1.09964e-88
 4.10007e-87
 1.88509e-87
 -4.55564e-87
 -1.35098e-87
 -2.68626e-87
 -1.30386e-87
 -1.80655e-87
 -7.06909e-88
 -1.57091e-89
 -1.31956e-87
 -1.79084e-87
 -8.64e-88
 -7.06909e-88
 -7.22619e-88
 -1.36669e-87
 -5.65528e-88
 -6.44073e-88
 1.25673e-88
 5.81237e-88
 1.728e-88
 -2.82764e-88
 4.39855e-88
 4.71273e-89
 -9.73964e-88
 -2.82764e-88
 -1.31956e-87
 -2.35636e-88
 1.57091e-89
 -3.61309e-88
 -1.11535e-87
 -9.42546e-89
 -3.61309e-88
 -2.04218e-88
 -7.22619e-88
 -5.34109e-88
 -2.98473e-88
 -1.57091e-89
 -2.04218e-88
 2.19927e-88
 7.85455e-89
 5.10546e-88
 -2.35636e-89
 4.00582e-88
 -1.09964e-88
 2.12073e-88
 -2.98473e-88
 9.42546e-89
 1.17818e-88
 2.98473e-88
 -7.85455e-89
 -8.64e-89
 -1.02109e-88
 -1.64946e-88
 8.64e-89
 1.02109e-88
 -1.02109e-88
 -1.09964e-88
 -3.14182e-89
 -7.06909e-89
 7.85455e-90
 -4.71273e-89
 0.0
 -1.57091e-89
 -4.71273e-89
 1.25673e-88
 -2.35636e-89
 1.88509e-88
 2.35636e-89
 5.49818e-89
 4.32e-89
 1.57091e-89
 -5.49818e-89
 1.96364e-89
 1.17818e-89
 -3.92727e-90
 7.06909e-89
 3.92727e-89
 -2.74909e-89
 9.03273e-89
 2.74909e-89
 2.35636e-89
 1.17818e-89
 3.92727e-90
 5.89091e-89
 3.14182e-89
 2.35636e-89
 -1.57091e-89
 -7.85455e-90
 -7.85455e-90
 -7.85455e-90
 -1.17818e-89
 2.16386e-89
