-6.60077e-01
 -1.05979e-01
 -4.85602e-03
 -9.02057e-03
 -1.38324e-02
 1.58275e-02
 1.02887e-02
 6.15495e-03
 3.29825e-03
 2.84397e-02
 5.78337e-02
 4.31506e-02
 5.65244e-02
 4.6461e-02
 4.22733e-02
 2.32025e-02
 1.09986e-02
 2.61698e-02
 3.02136e-02
 1.478e-02
 8.65559e-02
 6.85006e-02
 1.56738e-01
 1.26898e-01
 1.08321e-01
 1.21472e-01
 1.65337e-01
 1.31866e-01
 1.26807e-01
 9.09578e-02
 1.23261e-01
 1.07063e-01
 1.28753e-01
 7.53281e-02
 2.06651e-01
 1.49152e-01
 1.27636e-01
 1.0242e-01
 9.36688e-02
 6.15323e-02
 5.65941e-02
 5.17404e-02
 1.28272e-01
 1.09296e-01
 1.65679e-01
 1.25327e-01
 1.05137e-01
 7.94656e-02
 6.85413e-02
 5.55459e-02
 1.04395e-01
 9.34432e-02
 2.38775e-01
 2.35198e-01
 2.96051e-01
 2.56807e-01
 2.40698e-01
 1.51765e-01
 3.20123e-01
 2.10476e-01
 2.48541e-01
 1.33576e-01
 1.25041e-01
 2.42046e-03
 1.71704e-02
 1.36844e-02
 6.21014e-02
 8.42772e-02
 2.0439e-01
 6.64937e-02
 1.37886e-01
 -4.96019e-03
 1.88738e-01
 1.54939e-01
 1.51691e-01
 5.26556e-04
 2.23412e-01
 6.98631e-02
 6.50495e-02
 2.09528e-02
 1.41446e-02
 -2.16726e-02
 2.05148e-02
 -2.35809e-03
 6.44158e-02
 1.74366e-03
 3.99081e-03
 -1.18923e-02
 -8.75862e-03
 1.70048e-02
 2.15957e-02
 4.34332e-02
 6.41511e-02
 -2.64689e-03
 -1.94056e-02
 -6.03365e-02
 -1.5725e-02
 -8.74215e-03
 1.6256e-02
 1.66105e-02
 4.64088e-03
 -3.4452e-02
 1.84204e-02
 -1.49209e-02
 -1.47129e-02
 -6.83489e-03
 -3.90833e-02
 2.34785e-02
 1.85395e-03
 -7.42283e-03
 1.07691e-03
 -7.10127e-04
 -1.33373e-02
 1.01413e-02
 -3.30773e-03
 -5.8462e-03
 -1.22771e-02
 -3.52376e-02
 -4.11302e-02
 -3.07765e-02
 -1.61295e-02
 -1.14276e-02
 -1.71905e-02
 -1.49226e-02
 -1.09105e-02
 -1.3939e-02
 -9.60738e-03
 -1.05666e-02
 -3.68263e-02
 1.43562e-03
 -3.21918e-02
 -5.61498e-03
 9.45271e-04
 -9.43241e-03
 -9.57259e-03
 -9.18934e-03
 -1.89722e-02
 -5.64234e-03
 -1.52921e-02
 -8.39856e-03
 -7.10284e-03
 -8.60246e-03
 -2.56948e-03
 -4.3266e-03
 -7.44407e-03
 -1.47802e-03
 -7.8764e-03
 -2.78372e-04
 2.96747e-03
 -7.45149e-05
 4.44922e-03
 4.29562e-04
 3.65798e-03
 2.2304e-03
 -2.69926e-03
 2.73625e-03
 2.9937e-03
 7.49239e-03
 1.36099e-02
 5.44817e-03
 4.4441e-03
 1.01269e-02
 9.44178e-03
 5.23779e-03
 1.85333e-02
 9.40139e-03
 -1.87187e-03
 -3.28476e-03
 -1.72034e-03
 -1.51323e-04
 1.05947e-02
 -1.2512e-03
 8.27389e-03
 5.26468e-03
 1.56982e-02
 3.92807e-03
 7.75514e-03
 8.16683e-03
 -1.63519e-02
 2.78865e-03
 3.00993e-03
 5.96203e-03
 1.60975e-03
 1.12265e-02
 -6.89712e-03
 -1.33973e-03
 -4.22335e-03
 2.15824e-03
 -1.21967e-02
 -8.28094e-03
 -1.11199e-02
 -2.14044e-02
 -6.25407e-03
 -3.12465e-03
 1.73594e-03
 -8.16611e-04
 -7.68018e-04
 -9.81549e-03
 2.933e-04
 -4.99909e-03
 -7.91053e-03
 -1.36623e-02
 -6.24447e-03
 -1.78525e-02
 -1.06059e-02
 -1.55972e-03
 -1.05213e-02
 -4.3674e-03
 -8.38507e-03
 -9.99562e-03
 -4.82039e-03
 -6.70589e-03
 -3.29123e-03
 -1.22393e-02
 -1.33537e-03
 -8.27143e-03
 -5.80245e-04
 -2.09798e-04
 -9.92761e-05
 -2.23719e-03
 -1.35459e-03
 -3.26674e-03
 -5.78366e-04
 -1.852e-03
 -1.90547e-03
 5.13855e-04
 1.53601e-03
 1.74773e-03
 7.96317e-05
 -1.91227e-04
 3.22736e-03
 2.78539e-03
 -1.02498e-04
 5.11377e-03
 4.23194e-03
 5.55261e-03
 2.11743e-03
 7.63683e-03
 5.712e-03
 3.26978e-03
 2.76186e-03
 2.35625e-03
 1.89607e-03
 7.92815e-03
 1.02042e-02
 2.85923e-03
 1.17289e-02
 4.63358e-03
 7.1418e-03
 -1.85231e-03
 9.43791e-03
 1.51895e-03
 3.9014e-03
 -1.72869e-03
 2.17422e-04
 5.00614e-03
 1.36854e-02
 2.05917e-03
 9.20258e-03
 8.63644e-03
 5.51449e-03
 2.70671e-03
 5.77662e-03
 4.01405e-04
 2.64199e-04
 -7.73237e-04
 -2.90455e-05
 -3.4551e-03
 1.16195e-02
 1.70435e-03
 5.32777e-03
 8.07918e-04
 8.4185e-04
 1.49459e-03
 2.09517e-03
 6.43187e-04
 -6.57494e-04
 3.76811e-03
 1.23956e-04
 4.75559e-04
 4.77468e-04
 6.30967e-03
 -1.78081e-03
 1.58607e-03
 -1.07452e-03
 -3.06108e-03
 8.94112e-05
 -4.34072e-04
 3.7383e-05
 -1.11896e-04
 9.65714e-04
 -3.36701e-04
 3.83392e-04
 6.20145e-04
 -9.22046e-05
 -5.72388e-01
 -5.61242e-01
 -4.28314e-01
 -1.63355e-01
 -1.04603e-01
