-7.32063e-28
 -9.59255e-28
 -1.06023e-27
 1.26218e-28
 9.84498e-28
 2.52435e-28
 8.83524e-28
 0.0
 1.26218e-28
 2.01948e-28
 5.30115e-28
 2.52435e-29
 9.08768e-28
 -2.52435e-29
 4.2914e-28
 4.54384e-28
 1.76705e-28
 1.51461e-28
 2.77679e-28
 2.01948e-28
 2.77679e-28
 -2.52435e-29
 -4.2914e-28
 -2.01948e-28
 1.26218e-28
 -1.76705e-28
 -1.00974e-28
 -1.26218e-28
 -1.76705e-28
 2.77679e-28
 -3.5341e-28
 -1.26218e-28
 -3.78653e-28
 -1.00974e-28
 -2.27192e-28
 -2.77679e-28
 2.52435e-29
 -2.01948e-28
 -3.02923e-28
 -1.51461e-28
 -7.57306e-29
 2.52435e-29
 -1.51461e-28
 -1.76705e-28
 -1.00974e-28
 2.52435e-29
 2.52435e-29
 -2.52435e-29
 -6.31089e-29
 -5.04871e-29
 -7.57306e-29
 -6.31089e-29
 1.26218e-28
 -6.31089e-29
 -7.57306e-29
 0.0
 -5.04871e-29
 -5.04871e-29
 -1.76705e-28
 -6.31089e-29
 1.26218e-29
 6.31089e-29
 0.0
 2.52435e-29
 5.04871e-29
 1.26218e-29
 3.78653e-29
 -3.78653e-29
 0.0
 -6.31089e-29
 -1.00974e-28
 3.78653e-29
 -2.52435e-29
 -6.31089e-29
 -7.57306e-29
 -2.52435e-29
 1.89327e-29
 -1.26218e-29
 -1.26218e-29
 7.57306e-29
 -1.89327e-29
 5.6798e-29
 -1.89327e-29
 0.0
 -6.31089e-30
 3.78653e-29
 3.78653e-29
 -8.20415e-29
 -1.89327e-29
 -4.41762e-29
 -1.26218e-29
 -6.31089e-30
 -1.89327e-29
 -3.78653e-29
 -1.26218e-29
 -6.31089e-29
 -3.78653e-29
 -4.41762e-29
 1.16873e-29
 -2.7505e-29
