-6.33952e-02
 -1.55611e-02
 -1.0746e-09
 -2.93283e-03
 -7.76968e-08
 -2.87961e-02
 5.09513e-09
 -9.70842e-03
 -4.97839e-07
 -9.63247e-03
 2.98457e-07
 -1.49658e-02
 -1.36689e-06
 6.33223e-03
 1.2057e-06
 -1.35403e-02
 -1.49551e-06
 1.14948e-02
 1.72041e-06
 -6.20412e-03
 1.09355e-06
 7.14314e-03
 7.85169e-07
 -1.66228e-04
 2.80475e-06
 4.68755e-04
 8.45281e-09
 -1.54524e-03
 -1.04299e-05
 -2.24954e-03
 8.20352e-07
 -8.65371e-03
 -4.63065e-05
 -9.68752e-04
 -4.66234e-06
 -1.42264e-02
 -8.66309e-05
 2.74678e-04
 -3.6053e-05
 -1.30229e-02
 -9.20579e-05
 -6.88131e-04
 -1.00243e-04
 -6.42007e-03
 -2.86451e-05
 -2.21331e-03
 -1.55614e-04
 -3.50752e-04
 6.91328e-05
 -1.76964e-03
 -1.14887e-04
 7.07655e-04
 4.26271e-05
 3.96532e-04
 4.95061e-05
 -2.32019e-03
 -2.63952e-04
 1.16039e-03
 1.31765e-05
 -4.85106e-03
 -7.14772e-04
 -1.28406e-03
 -1.02872e-03
 -4.02789e-03
 -8.08347e-04
 -4.569e-03
 -3.32718e-03
 -1.54257e-03
 -2.72632e-04
 -5.22442e-03
 -5.23643e-03
 -9.51084e-05
 -1.18076e-05
 -3.18825e-03
 -4.3714e-03
 1.00169e-04
 -6.33452e-04
 -1.00022e-03
 -1.35335e-03
 -1.74549e-05
 -6.25098e-04
 -3.18275e-05
 -8.12455e-06
 5.3704e-05
 9.42452e-04
 -1.041e-04
 -1.56141e-03
 2.18003e-04
 1.5329e-03
 -5.83407e-04
 -2.7428e-03
 1.99951e-04
 -1.69075e-03
 -7.98859e-04
 -1.32768e-03
 -1.59582e-04
 -5.61939e-03
 -3.998e-04
 -1.90444e-01
 -2.75053e-29
