66e-83
 5.14291
 5.15829
 5.18391
 5.21973
 5.26573
 5.32184
 5.38801
 5.46417
 5.55024
 5.64612
 5.75172
 5.86691
 5.99158
 6.1256
 6.26883
 6.42112
 6.58231
 6.75224
 6.93072
 7.11758
 7.31263
 7.51567
 7.7265
 7.94489
 8.17063
 8.40349
 8.64325
 8.88965
 9.14245
 9.40141
 9.66626
 9.93674
 1.02126e+01
 1.04935e+01
 1.07792e+01
 1.10695e+01
 1.1364e+01
 1.16625e+01
 1.19646e+01
 1.227e+01
 1.25785e+01
 1.28898e+01
 1.32035e+01
 1.35194e+01
 1.3837e+01
 1.41562e+01
 1.44766e+01
 1.47979e+01
 1.51197e+01
 1.54418e+01
 1.57639e+01
 1.60855e+01
 1.64065e+01
 1.67265e+01
 1.70451e+01
 1.73621e+01
 1.76772e+01
 1.799e+01
 1.83002e+01
 1.86076e+01
 1.89118e+01
 1.92126e+01
 1.95096e+01
 1.98025e+01
 2.00912e+01
 2.03752e+01
 2.06543e+01
 2.09282e+01
 2.11967e+01
 2.14595e+01
 2.17163e+01
 2.1967e+01
 2.22112e+01
 2.24487e+01
 2.26792e+01
 2.29026e+01
 2.31187e+01
 2.33272e+01
 2.35279e+01
 2.37206e+01
 2.39051e+01
 2.40813e+01
 2.4249e+01
 2.44079e+01
 2.45581e+01
 2.46992e+01
 2.48313e+01
 2.4954e+01
 2.50674e+01
 2.51714e+01
 2.52657e+01
 2.53503e+01
 2.54252e+01
 2.54903e+01
 2.55454e+01
 2.55906e+01
 2.56258e+01
 2.5651e+01
 2.56661e+01
