03e-01
 1.63355e-01
 4.28314e-01
 5.61242e-01
 5.72388e-01
 5.13844
 5.13967
 5.14256
 5.14816
 5.15116
 5.16046
 5.16588
 5.17828
 5.18424
 5.20332
 5.20847
 5.22593
 5.23694
 5.2532
 5.26722
 5.29563
 5.30498
 5.33343
 5.3481
 5.38205
 5.39266
 5.43103
 5.4462
 5.48589
 5.49893
 5.54349
 5.55474
 5.61145
 5.6333
 5.67588
 5.70467
 5.74609
 5.77552
 5.81943
 5.85677
 5.89338
 5.93863
 5.98406
 6.02419
 6.06941
 6.13211
 6.16862
 6.2272
 6.26201
 6.32466
 6.36617
 6.43406
 6.46465
 6.54054
 6.57559
 6.65693
 6.68394
 6.78371
 6.80726
 6.90476
 6.92846
 7.02703
 7.0506
 7.1591
 7.18348
 7.28872
 7.31891
 7.42806
 7.46025
 7.56303
 7.60613
 7.70774
 7.75084
 7.85111
 7.90236
 8.00261
 8.05854
 8.15251
 8.2172
 8.30765
 8.37674
 8.46383
 8.53851
 8.62475
 8.71352
 8.78891
 8.88749
 8.95715
 9.05491
 9.12777
 9.23403
 9.30319
 9.40701
 9.47985
 9.5855
 9.65707
 9.78567
 9.83239
 9.96786
 1.00162e+01
 1.0148e+01
 1.01925e+01
 1.03438e+01
 1.03805e+01
 1.05281e+01
 1.05671e+01
 1.07257e+01
 1.07665e+01
 1.09412e+01
 1.09649e+01
 1.1127e+01
 1.11616e+01
 1.13172e+01
 1.13515e+01
 1.15227e+01
 1.15541e+01
 1.17134e+01
 1.17477e+01
 1.1923e+01
 1.19506e+01
 1.21314e+01
 1.21762e+01
 1.23323e+01
 1.23603e+01
 1.25437e+01
 1.25622e+01
 1.27505e+01
 1.2781e+01
 1.29661e+01
 1.29914e+01
 1.3175e+01
 1.32176e+01
 1.33889e+01
 1.34327e+01
 1.35878e+01
 1.36282e+01
 1.38043e+01
 1.38539e+01
 1.40124e+01
 1.40763e+01
 1.42306e+01
 1.4285e+01
 1.44426e+01
 1.4514e+01
 1.46617e+01
 1.47385e+01
 1.48769e+01
 1.49511e+01
 1.50936e+01
 1.51695e+01
 1.53091e+01
 1.53902e+01
 1.55243e+01
 1.56202e+01
 1.57405e+01
 1.58388e+01
 1.59581e+01
 1.60527e+01
 1.61769e+01
 1.62757e+01
 1.63909e+01
 1.65019e+01
 1.66019e+01
 1.6723e+01
 1.68187e+01
 1.69305e+01
 1.70316e+01
 1.7136e+01
 1.72396e+01
 1.73844e+01
 1.74437e+01
 1.76034e+01
 1.76658e+01
 1.77895e+01
 1.78784e+01
 1.8003e+01
 1.80875e+01
 1.82202e+01
 1.82909e+01
 1.84289e+01
 1.85159e+01
 1.86621e+01
 1.87247e+01
 1.884e+01
 1.88982e+01
 1.90363e+01
 1.90835e+01
 1.92498e+01
 1.92941e+01
 1.94371e+01
 1.94988e+01
 1.96363e+01
 1.96641e+01
 1.98751e+01
 1.98888e+01
 2.00467e+01
 2.00892e+01
 2.02073e+01
 2.02991e+01
 2.04127e+01
 2.04362e+01
 2.05904e+01
 2.06475e+01
 2.08092e+01
 2.08828e+01
 2.09974e+01
 2.10065e+01
 2.10957e+01
 2.11392e+01
 2.13176e+01
 2.1342e+01
 2.15245e+01
 2.15446e+01
 2.16856e+01
 2.17021e+01
 2.17961e+01
 2.18745e+01
 2.2008e+01
 2.20593e+01
 2.21793e+01
 2.21793e+01
 2.22901e+01
 2.22901e+01
 2.22901e+01
 2.25164e+01
 2.25164e+01
 2.25164e+01
 2.26301e+01
 2.28281e+01
 2.28281e+01
 2.29054e+01
 2.29054e+01
 2.3033e+01
 2.3188e+01
 2.32456e+01
 2.33698e+01
 2.33953e+01
 2.33953e+01
 2.3399e+01
 2.34016e+01
 2.34533e+01
 2.34562e+01
 2.36395e+01
 2.36582e+01
 2.36582e+01
 2.37216e+01
 2.37997e+01
 2.38939e+01
 2.40574e+01
 2.41395e+01
 2.42073e+01
 2.42827e+01
 2.42915e+01
 2.43495e+01
 2.43496e+01
 2.43884e+01
 2.44656e+01
 2.45213e+01
 2.4619e+01
 2.46843e+01
 2.47008e+01
 2.47346e+01
 2.47473e+01
 2.47838e+01
 2.47838e+01
 2.47838e+01
 2.49365e+01
 2.49365e+01
 2.49793e+01
 2.50126e+01
 2.50657e+01
 2.50754e+01
 2.50906e+01
 2.50989e+01
 2.51624e+01
 2.52136e+01
 2.5214e+01
 2.52186e+01
 2.53249e+01
 2.53378e+01
 2.54266e+01
 2.54387e+01
 2.54587e+01
 2.54982e+01
 2.55007e+01
 2.55027e+01
 2.55119e+01
 2.55198e+01
 2.55451e+01
 2.55454e+01
 2.55851e+01
 2.56223e+01
 2.56281e+01
 2.56333e+01
 2.56345e+01
 2.56709e+01
 2.56709e+01
 2.56709e+01
 2.57748e+01
 2.63306e+01
