55e-01
 4.38394e-01
 5.13834
 5.14042
 5.14295
 5.14645
 5.15192
 5.15961
 5.16548
 5.17364
 5.18377
 5.19613
 5.20602
 5.22087
 5.23368
 5.24936
 5.26473
 5.28711
 5.30127
 5.32132
 5.34163
 5.36985
 5.38629
 5.41427
 5.43637
 5.46754
 5.48931
 5.52695
 5.54854
 5.58325
 5.61019
 5.65578
 5.6774
 5.71945
 5.74868
 5.7985
 5.82343
 5.87646
 5.90413
 5.95719
 5.98675
 6.04948
 6.07583
 6.13497
 6.16727
 6.23672
 6.26342
 6.3334
 6.36422
 6.43726
 6.46744
 6.54794
 6.57682
 6.65613
 6.6878
 6.77679
 6.8044
 6.89241
 6.9239
 7.01808
 7.04702
 7.1458
 7.17493
 7.2759
 7.30499
 7.41136
 7.43992
 7.54845
 7.57745
 7.69119
 7.71911
 7.83651
 7.86393
 7.98419
 8.01223
 8.13504
 8.16272
 8.29207
 8.31893
 8.44807
 8.47552
 8.61047
 8.6369
 8.77277
 8.80068
 8.94003
 8.96611
 9.11165
 9.13975
 9.27984
 9.3072
 9.45832
 9.4852
 9.63339
 9.66192
 9.81499
 9.84091
 9.99743
 1.00283e+01
 1.01785e+01
 1.02044e+01
 1.03702e+01
 1.04015e+01
 1.05553e+01
 1.05833e+01
 1.07496e+01
 1.07779e+01
 1.09405e+01
 1.09708e+01
 1.11358e+01
 1.11613e+01
 1.1335e+01
 1.13697e+01
 1.15297e+01
 1.15565e+01
 1.17334e+01
 1.17632e+01
 1.19336e+01
 1.19638e+01
 1.21383e+01
 1.21658e+01
 1.23434e+01
 1.2379e+01
 1.25467e+01
 1.25714e+01
 1.27576e+01
 1.27931e+01
 1.29641e+01
 1.29941e+01
 1.31753e+01
 1.32075e+01
 1.33847e+01
 1.34171e+01
 1.35965e+01
 1.36259e+01
 1.38096e+01
 1.38492e+01
 1.40215e+01
 1.40548e+01
 1.42353e+01
 1.4269e+01
 1.44494e+01
 1.44869e+01
 1.46639e+01
 1.47029e+01
 1.48787e+01
 1.49217e+01
 1.5093e+01
 1.51292e+01
 1.53085e+01
 1.53506e+01
 1.55235e+01
 1.55706e+01
 1.57385e+01
 1.57862e+01
 1.5953e+01
 1.59942e+01
 1.61678e+01
 1.62168e+01
 1.63819e+01
 1.64324e+01
 1.65958e+01
 1.66522e+01
 1.68086e+01
 1.6855e+01
 1.70216e+01
 1.70711e+01
 1.72334e+01
 1.72967e+01
 1.74444e+01
 1.74965e+01
 1.76545e+01
 1.77112e+01
 1.78636e+01
 1.79102e+01
 1.80719e+01
 1.81374e+01
 1.82787e+01
 1.83423e+01
 1.84843e+01
 1.85277e+01
 1.86888e+01
 1.8747e+01
 1.88916e+01
 1.8948e+01
 1.90931e+01
 1.91603e+01
 1.92925e+01
 1.93402e+01
 1.94908e+01
 1.95348e+01
 1.9687e+01
 1.97584e+01
 1.98814e+01
 1.99254e+01
 2.00738e+01
 2.0127e+01
 2.0264e+01
 2.02924e+01
 2.04525e+01
 2.05182e+01
 2.06385e+01
 2.0698e+01
 2.08221e+01
 2.08486e+01
 2.10036e+01
 2.10384e+01
 2.11826e+01
 2.12446e+01
 2.1359e+01
 2.1417e+01
 2.15327e+01
 2.15706e+01
 2.17038e+01
 2.1723e+01
 2.18723e+01
 2.19467e+01
 2.20377e+01
 2.20876e+01
 2.22003e+01
 2.22334e+01
 2.23597e+01
 2.23662e+01
 2.25166e+01
 2.2596e+01
 2.267e+01
 2.27312e+01
 2.28202e+01
 2.28546e+01
 2.29586e+01
 2.29674e+01
 2.3111e+01
 2.31952e+01
 2.32513e+01
 2.33091e+01
 2.33881e+01
 2.3402e+01
 2.3479e+01
 2.35216e+01
 2.36514e+01
 2.371e+01
 2.371e+01
 2.371e+01
 2.37357e+01
 2.37776e+01
 2.39001e+01
 2.39781e+01
 2.40188e+01
 2.4088e+01
 2.41314e+01
 2.42103e+01
 2.42451e+01
 2.43524e+01
 2.44178e+01
 2.4435e+01
 2.44558e+01
 2.45551e+01
 2.46145e+01
 2.46505e+01
 2.46766e+01
 2.47419e+01
 2.47952e+01
 2.48291e+01
 2.48464e+01
 2.49116e+01
 2.49705e+01
 2.49912e+01
 2.5066e+01
 2.50767e+01
 2.50848e+01
 2.51188e+01
 2.51365e+01
 2.52027e+01
 2.52387e+01
 2.52397e+01
 2.52647e+01
 2.53222e+01
 2.53529e+01
 2.53529e+01
 2.53757e+01
 2.54246e+01
 2.54373e+01
 2.54499e+01
 2.54692e+01
 2.55094e+01
 2.55293e+01
 2.55451e+01
 2.55454e+01
 2.55764e+01
 2.55912e+01
 2.56033e+01
 2.56144e+01
 2.56257e+01
 2.56356e+01
 2.56436e+01
 2.56552e+01
 2.56571e+01
 2.56622e+01
 2.56661e+01
 2.5671e+01
