442e-09
 1.18149e-27
 1.18149e-27
 3.25625e-27
 5.00665e-23
 5.13835
 5.14029
 5.14294
 5.14782
 5.15213
 5.16035
 5.16592
 5.17785
 5.18433
 5.20026
 5.2074
 5.22751
 5.23516
 5.25951
 5.2677
 5.29611
 5.3051
 5.3372
 5.34744
 5.38269
 5.39475
 5.43253
 5.44704
 5.4867
 5.50426
 5.54519
 5.56636
 5.608
 5.63327
 5.6751
 5.70494
 5.74649
 5.7813
 5.82213
 5.86228
 5.90202
 5.94783
 5.98612
 6.03787
 6.07442
 6.13233
 6.16689
 6.2311
 6.26353
 6.3341
 6.36432
 6.44121
 6.46928
 6.55227
 6.57845
 6.66714
 6.69187
 6.78561
 6.80961
 6.90752
 6.93173
 7.03274
 7.05823
 7.16122
 7.18904
 7.29295
 7.32402
 7.42796
 7.46304
 7.56625
 7.60594
 7.70782
 7.75259
 7.85265
 7.90288
 8.0007
 8.05669
 8.15193
 8.21393
 8.30629
 8.3745
 8.46373
 8.5383
 8.62417
 8.70525
 8.78757
 8.87525
 8.95385
 9.04821
 9.12295
 9.22404
 9.2948
 9.40265
 9.46933
 9.58394
 9.64647
 9.76782
 9.82614
 9.9542
 1.00083e+01
 1.0143e+01
 1.01928e+01
 1.0334e+01
 1.03797e+01
 1.05273e+01
 1.05689e+01
 1.07225e+01
 1.07602e+01
 1.09197e+01
 1.09538e+01
 1.11187e+01
 1.11495e+01
 1.13193e+01
 1.13473e+01
 1.15213e+01
 1.15472e+01
 1.17246e+01
 1.17494e+01
 1.19289e+01
 1.19536e+01
 1.21342e+01
 1.21599e+01
 1.23405e+01
 1.2368e+01
 1.25476e+01
 1.25779e+01
 1.27558e+01
 1.27893e+01
 1.29648e+01
 1.3002e+01
 1.31748e+01
 1.32159e+01
 1.33856e+01
 1.34309e+01
 1.35972e+01
 1.36467e+01
 1.38096e+01
 1.38634e+01
 1.40225e+01
 1.40807e+01
 1.42361e+01
 1.42986e+01
 1.44501e+01
 1.4517e+01
 1.46644e+01
 1.47358e+01
 1.48791e+01
 1.49548e+01
 1.5094e+01
 1.51739e+01
 1.5309e+01
 1.53931e+01
 1.5524e+01
 1.56123e+01
 1.5739e+01
 1.58314e+01
 1.59538e+01
 1.60501e+01
 1.61683e+01
 1.62686e+01
 1.63825e+01
 1.64866e+01
 1.65963e+01
 1.67041e+01
 1.68095e+01
 1.69209e+01
 1.70221e+01
 1.7137e+01
 1.7234e+01
 1.73522e+01
 1.74451e+01
 1.75666e+01
 1.76553e+01
 1.77799e+01
 1.78644e+01
 1.79921e+01
 1.80726e+01
 1.82031e+01
 1.82795e+01
 1.84127e+01
 1.84851e+01
 1.8621e+01
 1.86894e+01
 1.88278e+01
 1.88923e+01
 1.9033e+01
 1.90936e+01
 1.92365e+01
 1.92934e+01
 1.94382e+01
 1.94914e+01
 1.96381e+01
 1.96876e+01
 1.9836e+01
 1.98819e+01
 2.0032e+01
 2.00743e+01
 2.02257e+01
 2.02646e+01
 2.04173e+01
 2.04528e+01
 2.06066e+01
 2.06388e+01
 2.07935e+01
 2.08225e+01
 2.0978e+01
 2.10038e+01
 2.11599e+01
 2.11827e+01
 2.13392e+01
 2.1359e+01
 2.15158e+01
 2.15327e+01
 2.16896e+01
 2.17038e+01
 2.18605e+01
 2.18721e+01
 2.20285e+01
 2.20376e+01
 2.21934e+01
 2.22002e+01
 2.23552e+01
 2.236e+01
 2.25135e+01
 2.25169e+01
 2.26681e+01
 2.26714e+01
 2.28188e+01
 2.28231e+01
 2.2966e+01
 2.29719e+01
 2.31098e+01
 2.31173e+01
 2.32501e+01
 2.32593e+01
 2.3387e+01
 2.33977e+01
 2.35204e+01
 2.35326e+01
 2.36502e+01
 2.36638e+01
 2.37764e+01
 2.37913e+01
 2.38989e+01
 2.3915e+01
 2.40177e+01
 2.40349e+01
 2.41327e+01
 2.41508e+01
 2.42439e+01
 2.42629e+01
 2.43512e+01
 2.43709e+01
 2.44547e+01
 2.4475e+01
 2.45541e+01
 2.45749e+01
 2.46495e+01
 2.46707e+01
 2.47409e+01
 2.47623e+01
 2.48282e+01
 2.48498e+01
 2.49114e+01
 2.49329e+01
 2.49904e+01
 2.50118e+01
 2.50653e+01
 2.50864e+01
 2.51358e+01
 2.51566e+01
 2.52022e+01
 2.52225e+01
 2.52642e+01
 2.52839e+01
 2.53219e+01
 2.53409e+01
 2.53753e+01
 2.53934e+01
 2.54243e+01
 2.54414e+01
 2.54689e+01
 2.54849e+01
 2.55091e+01
 2.55239e+01
 2.55449e+01
 2.55583e+01
 2.55763e+01
 2.55882e+01
 2.56032e+01
 2.56135e+01
 2.56256e+01
 2.56342e+01
 2.56436e+01
 2.56504e+01
 2.56571e+01
 2.56619e+01
 2.56661e+01
 2.56688e+01
 2.56705e+01
