5e-29
 6.15528e-24
 5.14296
 5.15989
 5.1844
 5.22608
 5.2671
 5.33597
 5.39067
 5.48891
 5.55457
 5.68401
 5.75806
 5.92019
 6.00028
 6.19617
 6.28018
 6.51047
 6.59661
 6.8615
 6.94828
 7.24747
 7.33379
 7.6665
 7.75164
 8.11657
 8.20022
 8.59553
 8.67785
 9.10116
 9.18274
 9.63117
 9.71298
 1.01832e+01
 1.02665e+01
 1.0755e+01
 1.08412e+01
 1.13442e+01
 1.14347e+01
 1.19486e+01
 1.20445e+01
 1.25657e+01
 1.26681e+01
 1.31933e+01
 1.33029e+01
 1.38289e+01
 1.39462e+01
 1.44702e+01
 1.45953e+01
 1.51147e+01
 1.52476e+01
 1.576e+01
 1.59004e+01
 1.64035e+01
 1.6551e+01
 1.70428e+01
 1.71968e+01
 1.76754e+01
 1.78352e+01
 1.82989e+01
 1.84636e+01
 1.89109e+01
 1.90795e+01
 1.95089e+01
 1.96804e+01
 2.00907e+01
 2.02639e+01
 2.06539e+01
 2.08278e+01
 2.11965e+01
 2.13696e+01
 2.17162e+01
 2.18874e+01
 2.22111e+01
 2.2379e+01
 2.26792e+01
 2.28424e+01
 2.31187e+01
 2.32759e+01
 2.35278e+01
 2.36777e+01
 2.39051e+01
 2.40462e+01
 2.4249e+01
 2.438e+01
 2.45581e+01
 2.46777e+01
 2.48313e+01
 2.49381e+01
 2.50674e+01
 2.51602e+01
 2.52657e+01
 2.53432e+01
 2.54252e+01
 2.54862e+01
 2.55454e+01
 2.55888e+01
 2.56258e+01
 2.56505e+01
 2.56661e+01
