53e-29
 1.90444e-01
 5.14336
 5.16551
 5.18456
 5.22741
 5.2679
 5.33766
 5.39047
 5.49165
 5.55515
 5.68248
 5.75785
 5.92176
 6.00038
 6.19522
 6.28013
 6.51048
 6.59665
 6.86212
 6.9483
 7.24883
 7.33479
 7.66714
 7.75154
 8.12094
 8.20341
 8.59554
 8.67795
 9.1064
 9.18797
 9.63144
 9.71452
 1.01866e+01
 1.02711e+01
 1.07558e+01
 1.08453e+01
 1.13453e+01
 1.1436e+01
 1.19493e+01
 1.20494e+01
 1.25657e+01
 1.2667e+01
 1.31935e+01
 1.33052e+01
 1.38289e+01
 1.39458e+01
 1.44702e+01
 1.45946e+01
 1.51148e+01
 1.52494e+01
 1.57599e+01
 1.59007e+01
 1.64036e+01
 1.65532e+01
 1.70428e+01
 1.72032e+01
 1.76755e+01
 1.78359e+01
 1.8299e+01
 1.84766e+01
 1.89109e+01
 1.90792e+01
 1.9509e+01
 1.96946e+01
 2.00907e+01
 2.02649e+01
 2.0654e+01
 2.08364e+01
 2.11965e+01
 2.13719e+01
 2.17162e+01
 2.18889e+01
 2.22111e+01
 2.23785e+01
 2.26792e+01
 2.28426e+01
 2.31187e+01
 2.32688e+01
 2.35278e+01
 2.36839e+01
 2.39051e+01
 2.40347e+01
 2.4249e+01
 2.43935e+01
 2.45581e+01
 2.46713e+01
 2.48313e+01
 2.4953e+01
 2.50674e+01
 2.51698e+01
 2.52657e+01
 2.53529e+01
 2.54252e+01
 2.5515e+01
 2.55454e+01
 2.55917e+01
 2.56258e+01
 2.56661e+01
 2.57295e+01
