72e-88
 8.14243e-74
 5.13835
 5.1401
 5.14288
 5.14705
 5.15196
 5.15863
 5.16556
 5.17483
 5.18369
 5.19565
 5.20634
 5.22108
 5.23349
 5.2511
 5.26514
 5.28569
 5.30127
 5.32485
 5.34186
 5.36854
 5.38689
 5.41676
 5.43635
 5.46947
 5.49021
 5.52664
 5.54844
 5.58825
 5.61103
 5.65428
 5.67794
 5.72467
 5.74913
 5.79941
 5.82459
 5.87845
 5.90427
 5.96176
 5.98814
 6.0493
 6.07617
 6.14101
 6.1683
 6.23686
 6.26451
 6.33681
 6.36474
 6.4408
 6.46896
 6.54878
 6.57711
 6.6607
 6.68916
 6.77651
 6.80504
 6.89616
 6.92472
 7.01958
 7.04813
 7.14672
 7.17522
 7.27751
 7.30594
 7.4119
 7.44023
 7.54983
 7.57803
 7.69122
 7.71929
 7.83601
 7.86393
 7.98414
 8.0119
 8.13553
 8.16314
 8.29011
 8.31757
 8.44782
 8.47514
 8.60858
 8.63576
 8.7723
 8.79939
 8.93893
 8.96594
 9.10838
 9.13534
 9.28058
 9.30752
 9.45543
 9.4824
 9.63288
 9.65991
 9.81283
 9.83998
 9.9952
 1.00225e+01
 1.01799e+01
 1.02074e+01
 1.03669e+01
 1.03947e+01
 1.05561e+01
 1.05841e+01
 1.07473e+01
 1.07758e+01
 1.09406e+01
 1.09694e+01
 1.11357e+01
 1.11651e+01
 1.13328e+01
 1.13626e+01
 1.15315e+01
 1.15619e+01
 1.1732e+01
 1.1763e+01
 1.1934e+01
 1.19656e+01
 1.21375e+01
 1.21698e+01
 1.23424e+01
 1.23754e+01
 1.25486e+01
 1.25824e+01
 1.27561e+01
 1.27906e+01
 1.29647e+01
 1.3e+01
 1.31743e+01
 1.32104e+01
 1.33849e+01
 1.34218e+01
 1.35963e+01
 1.36341e+01
 1.38085e+01
 1.38472e+01
 1.40214e+01
 1.4061e+01
 1.42349e+01
 1.42753e+01
 1.44489e+01
 1.44902e+01
 1.46633e+01
 1.47054e+01
 1.4878e+01
 1.4921e+01
 1.50929e+01
 1.51367e+01
 1.53079e+01
 1.53526e+01
 1.5523e+01
 1.55685e+01
 1.57379e+01
 1.57843e+01
 1.59528e+01
 1.59999e+01
 1.61673e+01
 1.62153e+01
 1.63816e+01
 1.64303e+01
 1.65954e+01
 1.66449e+01
 1.68086e+01
 1.68588e+01
 1.70213e+01
 1.70722e+01
 1.72332e+01
 1.72848e+01
 1.74443e+01
 1.74965e+01
 1.76545e+01
 1.77074e+01
 1.78637e+01
 1.79172e+01
 1.80719e+01
 1.81259e+01
 1.82788e+01
 1.83333e+01
 1.84845e+01
 1.85395e+01
 1.86888e+01
 1.87443e+01
 1.88917e+01
 1.89476e+01
 1.90931e+01
 1.91494e+01
 1.92928e+01
 1.93494e+01
 1.94909e+01
 1.95478e+01
 1.96871e+01
 1.97443e+01
 1.98815e+01
 1.99388e+01
 2.00738e+01
 2.01314e+01
 2.02642e+01
 2.03219e+01
 2.04524e+01
 2.05101e+01
 2.06384e+01
 2.06962e+01
 2.08221e+01
 2.08799e+01
 2.10034e+01
 2.10611e+01
 2.11823e+01
 2.12399e+01
 2.13586e+01
 2.14161e+01
 2.15323e+01
 2.15896e+01
 2.17034e+01
 2.17604e+01
 2.18717e+01
 2.19284e+01
 2.20371e+01
 2.20935e+01
 2.21996e+01
 2.22557e+01
 2.23592e+01
 2.24148e+01
 2.25157e+01
 2.25708e+01
 2.26691e+01
 2.27237e+01
 2.28193e+01
 2.28733e+01
 2.29663e+01
 2.30196e+01
 2.311e+01
 2.31626e+01
 2.32502e+01
 2.33021e+01
 2.33871e+01
 2.34382e+01
 2.35204e+01
 2.35707e+01
 2.36502e+01
 2.36996e+01
 2.37764e+01
 2.38248e+01
 2.38989e+01
 2.39463e+01
 2.40177e+01
 2.40641e+01
 2.41327e+01
 2.4178e+01
 2.42439e+01
 2.42881e+01
 2.43512e+01
 2.43942e+01
 2.44547e+01
 2.44963e+01
 2.45541e+01
 2.45945e+01
 2.46495e+01
 2.46886e+01
 2.47409e+01
 2.47786e+01
 2.48282e+01
 2.48645e+01
 2.49114e+01
 2.49462e+01
 2.49904e+01
 2.50236e+01
 2.50653e+01
 2.50969e+01
 2.51358e+01
 2.51658e+01
 2.52022e+01
 2.52305e+01
 2.52642e+01
 2.52908e+01
 2.53219e+01
 2.53468e+01
 2.53753e+01
 2.53984e+01
 2.54243e+01
 2.54455e+01
 2.54689e+01
 2.54883e+01
 2.55091e+01
 2.55265e+01
 2.55449e+01
 2.55604e+01
 2.55763e+01
 2.55897e+01
 2.56032e+01
 2.56146e+01
 2.56256e+01
 2.56349e+01
 2.56436e+01
 2.56507e+01
 2.56571e+01
 2.56621e+01
 2.56661e+01
 2.56688e+01
 2.56705e+01
