2.00686e-27
 -9.46633e-29
 -1.10441e-27
 -8.64592e-28
 -2.65057e-28
 -1.26849e-27
 2.96612e-28
 -1.60928e-27
 -6.31089e-28
 -3.78653e-29
 2.52435e-28
 5.17493e-28
 1.57141e-27
 3.15544e-29
 -2.52435e-28
 -5.04871e-29
 7.63617e-28
 -5.49047e-28
 -8.64592e-28
 -3.40788e-28
 -2.56853e-27
 -2.58746e-28
 1.30004e-27
 -9.46633e-29
 9.71877e-28
 -5.74291e-28
 -8.70902e-28
 6.56332e-28
 2.46125e-28
 1.70394e-28
 -8.01483e-28
 1.77967e-27
 6.94198e-29
 1.47044e-27
 1.89327e-29
 -7.76239e-28
 1.76705e-28
 5.30115e-28
 8.5197e-28
 2.46756e-27
 3.31322e-27
 3.34477e-28
 1.03499e-27
 2.27192e-28
 -2.96612e-28
 6.94198e-29
 2.39814e-28
 -8.01483e-28
 -1.32529e-28
 2.20881e-27
 7.63617e-28
 -3.21855e-28
 -2.52435e-29
 3.84964e-28
 -5.36425e-28
 -1.26218e-29
 9.2139e-28
 2.1457e-28
 -1.23062e-27
 -1.07916e-27
 -2.33503e-28
 3.97586e-28
 2.96612e-28
 1.07916e-27
 -2.52435e-28
 -2.90301e-28
 7.06819e-28
 1.12334e-27
 5.61669e-28
 -1.26218e-29
 3.91275e-28
 6.87887e-28
 -5.86913e-28
 -7.19441e-28
 -2.96612e-28
 -2.79572e-27
 -2.75786e-27
 -8.07794e-28
 -5.6798e-29
 -1.24324e-27
 3.91275e-28
 1.57141e-27
 1.70394e-28
 1.45781e-27
 2.00686e-27
 2.33503e-28
 9.34011e-28
 2.25299e-27
 1.58403e-27
 1.05392e-27
 3.06078e-27
 -6.05845e-28
 -5.99534e-28
 3.47099e-28
 -1.14227e-27
 -1.43888e-27
 1.00343e-27
 6.31089e-28
 -5.36425e-28
 -7.95172e-28
 -1.76705e-27
 3.34477e-28
 -2.52435e-28
 3.84964e-28
 1.07285e-27
 -5.80602e-28
 -7.1313e-28
 -4.92249e-28
 -9.46633e-29
 1.13596e-28
 -4.85938e-28
 -1.41995e-27
 -1.12334e-27
 3.40788e-28
 -1.32529e-28
 -7.69928e-28
 3.97586e-28
 -3.78653e-28
 5.55358e-28
 1.34422e-27
 9.84498e-28
 1.13596e-28
 -4.03897e-28
 -4.41762e-28
 -1.09178e-27
 8.20415e-29
 -4.16519e-28
 -5.36425e-28
 -1.0413e-27
 -1.26849e-27
 2.1457e-28
 5.74291e-28
 3.34477e-28
 9.40322e-28
 -1.3884e-28
 -2.71368e-28
 1.19907e-28
 5.6798e-29
 1.07285e-28
 3.09233e-28
 -2.01948e-28
 5.6798e-29
 3.78653e-28
 4.03897e-28
 -3.5341e-28
 -1.46413e-27
 -2.08259e-28
 -6.31089e-29
 3.28166e-28
 -3.91275e-28
 -1.32529e-27
 5.93223e-28
 -6.94198e-29
 -1.89327e-28
 7.63617e-28
 4.35451e-28
 5.99534e-28
 -2.46125e-28
 7.69928e-28
 -1.64083e-28
 -6.374e-28
 1.15489e-27
 5.42736e-28
 5.80602e-28
 -6.50021e-28
 -4.60695e-28
 5.49047e-28
 -1.19907e-28
 -1.89327e-29
 -9.40322e-28
 8.83524e-29
 -4.92249e-28
 -2.39814e-28
 1.21169e-27
 -1.42626e-27
 -7.00508e-28
 -9.08768e-28
 -1.26849e-27
 -2.52435e-28
 3.59721e-28
 3.28166e-28
 -3.72342e-28
 7.19441e-28
 -2.96612e-28
 1.32529e-28
 2.52435e-28
 -3.15544e-29
 1.64083e-28
 2.52435e-29
 -4.16519e-28
 1.89327e-28
 1.83016e-28
 -6.62643e-28
 7.25752e-28
 3.15544e-29
 -2.71368e-28
 2.1457e-28
 7.32063e-28
 -1.89327e-28
 3.78653e-29
 -8.83524e-29
 3.72342e-28
 -4.41762e-28
 -6.31089e-30
 -3.59721e-28
 6.94198e-29
 7.76239e-28
 1.07285e-27
 -3.15544e-28
 3.09233e-28
 -4.2914e-28
 -2.52435e-29
 -3.97586e-28
 0.0
 -7.57306e-28
 -6.374e-28
 -1.83016e-28
 8.83524e-29
 -1.83016e-28
 6.31089e-29
 1.00974e-28
 2.1457e-28
 -4.41762e-28
 -1.26218e-29
 1.89327e-29
 1.89327e-28
 3.15544e-28
 5.86913e-28
 5.6798e-29
 2.58746e-28
 2.1457e-28
 6.31089e-28
 -4.41762e-29
 2.39814e-28
 5.6798e-29
 -6.31089e-30
 -3.72342e-28
 9.46633e-29
 9.46633e-29
 -4.92249e-28
 1.51461e-28
 6.94198e-28
 4.76472e-28
 -5.6798e-28
 2.30347e-28
 -2.58746e-28
 -3.15544e-30
 -1.48306e-28
 -3.34477e-28
 1.92482e-28
 3.81809e-28
 2.01948e-28
 1.86171e-28
 1.73549e-28
 4.6385e-28
 -5.86913e-28
 1.19907e-28
 6.62643e-29
 5.11182e-28
 -4.70161e-28
 1.89327e-28
 1.35684e-28
 2.17726e-28
 -3.43943e-28
 -7.88861e-29
 -1.26218e-28
 1.67239e-28
 -2.68213e-28
 2.33503e-28
 -3.15544e-29
 2.96612e-28
 -1.76705e-28
 1.19907e-28
 -4.48073e-28
 6.94198e-29
 5.36425e-29
 -1.7986e-28
 -2.93456e-28
 -3.78653e-29
 4.89094e-28
 5.04871e-28
 4.51228e-28
 1.73549e-28
 -2.65057e-28
 -1.13596e-28
 5.42736e-28
 1.10441e-28
 6.15312e-28
 -2.1457e-28
 -4.41762e-29
 6.62643e-29
 2.01948e-28
 -3.15544e-29
 5.17493e-28
 1.32529e-28
 7.32063e-28
 4.07052e-28
 3.06078e-28
 3.37632e-28
 1.89327e-28
 2.42969e-28
 -2.01948e-28
 -1.60928e-28
 -9.78188e-29
 3.9443e-28
 -2.42969e-28
 -3.62876e-28
 -3.31322e-28
 -2.36658e-28
 1.67239e-28
 4.41762e-29
 -1.89327e-28
 2.17726e-28
 2.65057e-28
 -2.87145e-28
 2.42969e-28
 -8.20415e-29
 2.30347e-28
 -1.00974e-28
 5.04871e-29
 9.15079e-29
 -1.95638e-28
 1.95638e-28
 -7.88861e-29
 -1.60928e-28
 1.23062e-28
 5.6798e-29
 1.23062e-28
 -4.10208e-29
 -3.15544e-30
 2.8399e-29
 1.07285e-28
 5.99534e-29
 7.25752e-29
 9.78188e-29
 -6.31089e-29
 3.15544e-30
 8.20415e-29
 -5.99534e-29
 9.46633e-29
 -3.15544e-29
 -1.26218e-29
 1.10441e-28
 -3.47099e-29
 -1.00974e-28
 2.8399e-29
 -4.41762e-29
 5.04871e-29
 -3.47099e-29
 5.6798e-29
 6.31089e-30
 3.78653e-29
 1.76705e-28
 -6.94198e-29
 1.32529e-28
 -5.99534e-29
 -1.4515e-28
 -2.08259e-28
 -2.8399e-29
 2.08259e-28
 -1.13596e-28
 1.26218e-29
 1.29373e-28
 -1.89327e-29
 1.26218e-29
 -4.13363e-28
 -1.3884e-28
 -4.10208e-29
 -2.20881e-29
 -2.58746e-28
 3.15544e-30
 1.41995e-28
 -1.64083e-28
 2.1457e-28
 -2.11415e-28
 2.05104e-29
 -1.19907e-28
 -1.64083e-28
 1.30951e-28
 2.71368e-28
 -1.13596e-28
 -8.20415e-29
 1.07285e-28
 -2.35081e-28
 -1.49884e-28
 1.12018e-28
 -2.98189e-28
 6.7842e-29
 -2.36658e-29
 6.15312e-29
 -2.61902e-28
 1.00974e-28
 -1.57772e-30
 -8.67747e-29
 2.68213e-29
 3.31322e-29
 -1.68816e-28
 9.30856e-29
 -1.07285e-28
 6.31089e-29
 8.20415e-29
 1.89327e-28
 3.21855e-28
 -2.52435e-29
 2.36658e-28
 1.57772e-28
 7.88861e-30
 -9.78188e-29
 1.73549e-28
 -4.57539e-29
 -9.78188e-29
 1.57772e-28
 -1.3884e-28
 9.78188e-29
 1.00974e-28
 1.65661e-28
 4.73317e-30
 -1.00974e-28
 -8.04638e-29
 -1.97215e-28
 -1.07285e-28
 1.46728e-28
 6.62643e-29
 1.26218e-28
 -1.73549e-28
 -1.60928e-28
 8.67747e-29
 2.33503e-28
 7.25752e-29
 -1.67239e-28
 -1.78283e-28
 -9.93965e-29
 -1.46728e-28
 -1.7986e-28
 2.54013e-28
 1.62505e-28
 -2.06682e-28
 -1.73549e-28
 -2.31925e-28
 3.15544e-29
 7.88861e-30
 -4.10208e-29
 9.78188e-29
 3.47099e-29
 -1.41995e-29
 -5.36425e-29
 -1.08863e-28
 -3.31322e-29
 1.43573e-28
 5.52203e-29
 -5.20648e-29
 1.00974e-28
 1.89327e-28
 2.00371e-28
 -3.15544e-29
 1.41995e-28
 1.9406e-28
 1.53039e-28
 1.67239e-28
 -6.31089e-30
 2.08259e-28
 -1.35684e-28
 3.9443e-29
 8.36193e-29
 6.62643e-29
 1.70394e-28
 1.65661e-28
 -1.4515e-28
 -2.09837e-28
 -1.26218e-29
 -1.30951e-28
 1.49884e-28
 -1.07285e-28
 2.47702e-28
 -1.0413e-28
 -1.32529e-28
 -9.46633e-30
 -1.97215e-28
 -1.4515e-28
 9.15079e-29
 7.41529e-29
 7.88861e-30
 -2.99767e-29
 -1.02552e-28
 3.89697e-28
 1.3884e-28
 5.04871e-29
 2.03526e-28
 -7.57306e-29
 3.62876e-29
 -1.10441e-29
 5.6798e-29
 6.91317e-29
 -1.98144e-29
 -2.7388e-29
 -1.25733e-29
 -9.24212e-29
 -5.31505e-29
 -7.00717e-29
 -6.53383e-29
