5.52834e-27
 6.81576e-28
 -3.98848e-27
 5.04871e-28
 -2.37289e-27
 1.06023e-27
 5.04871e-28
 9.08768e-27
 6.68954e-27
 7.80026e-27
 1.23189e-26
 -3.35739e-27
 1.79229e-27
 -9.26438e-27
 2.01948e-28
 -2.75155e-27
 -3.5341e-27
 -5.20017e-27
 3.00398e-27
 -1.09052e-26
 -3.88751e-27
 -3.28166e-28
 -3.78653e-27
 4.54384e-28
 -3.68556e-27
 3.45837e-27
 7.04295e-27
 6.6643e-27
 5.35163e-27
 1.1612e-27
 7.27014e-27
 3.5341e-27
 4.19043e-27
 7.52258e-27
 6.31089e-27
 8.68378e-27
 5.32639e-27
 -6.31089e-28
 4.03897e-28
 4.82152e-27
 -3.07971e-27
 3.02923e-28
 1.26218e-27
 8.83524e-28
 2.52435e-28
 1.48937e-27
 -4.54384e-28
 1.21169e-27
 2.27192e-27
 5.22541e-27
 5.02347e-27
 4.08945e-27
 7.54782e-27
 3.48361e-27
 4.44286e-27
 -3.78653e-28
 -7.19441e-27
 -8.45659e-27
 -7.8255e-27
 -7.8255e-27
 -2.80203e-27
 7.57306e-28
 -1.61559e-27
 5.04871e-28
 -2.9535e-27
 1.94375e-27
 4.08945e-27
 2.52435e-29
 1.53986e-27
 -3.91275e-27
 -5.30115e-27
 1.76705e-27
 -2.27192e-27
 4.1147e-27
 1.81754e-27
 1.89327e-27
 4.46811e-27
 -6.05845e-28
 -1.99424e-27
 -7.39636e-27
 -8.81e-27
 2.1457e-27
 -5.55358e-28
 8.07794e-28
 -7.85074e-27
 -5.07395e-27
 3.28166e-28
 -2.01948e-28
 2.7263e-27
 3.48361e-27
 3.5341e-27
 -5.62931e-27
 -1.06023e-27
 2.87776e-27
 -3.96324e-27
 2.82728e-27
 4.2914e-28
 7.19441e-27
 4.21567e-27
 -2.22143e-27
 -2.7263e-27
 3.73605e-27
 7.32063e-28
 -1.76705e-27
 -1.13596e-27
 -2.57484e-27
 -4.872e-27
 8.58281e-28
 -1.89327e-27
 1.03499e-27
 5.04871e-29
 2.85252e-27
 -2.85252e-27
 -3.5341e-28
 1.51461e-28
 1.64083e-27
 -3.78653e-28
 4.54384e-28
 -4.36713e-27
 7.8255e-28
 -1.76705e-28
 3.5341e-28
 -8.83524e-28
 1.3884e-27
 1.41364e-27
 -1.7418e-27
 1.7418e-27
 1.3884e-27
 -6.81576e-28
 5.55358e-28
 -9.08768e-28
 -3.02923e-28
 -8.83524e-28
 -2.49911e-27
 3.02923e-28
 -4.79627e-28
 -5.55358e-28
 1.76705e-28
 -9.84498e-28
 1.43888e-27
 -8.58281e-28
 -7.57306e-28
 -1.86802e-27
 -1.31266e-27
 6.81576e-28
 3.40788e-28
 1.2748e-27
 -7.69928e-28
 1.3884e-27
 6.31089e-28
 -1.70394e-27
 1.64083e-28
 -1.89327e-28
 1.26218e-28
 -1.2748e-27
 -9.71877e-28
 1.26218e-29
 4.41762e-28
 -1.13596e-28
 -4.54384e-28
 -6.31089e-28
 9.84498e-28
 9.34011e-28
 -9.46633e-28
 6.68954e-28
 -6.81576e-28
 -9.34011e-28
 -1.08547e-27
 1.61559e-27
 -1.76705e-28
 1.36315e-27
 -2.90301e-28
 6.4371e-28
 8.83524e-28
 1.51461e-28
 3.66031e-28
 -6.81576e-28
 7.44685e-28
 2.15832e-27
 2.32241e-27
 -3.15544e-28
 -1.46413e-27
 1.13596e-27
 -6.05845e-28
 2.00686e-27
 1.26218e-28
 -5.04871e-29
 6.56332e-28
 7.32063e-28
 -6.4371e-28
 0.0
 1.50199e-27
 -7.44685e-28
 -1.51461e-28
 2.01948e-28
 -6.31089e-28
 3.78653e-29
 1.00974e-28
 -5.04871e-29
 3.02923e-28
 -7.57306e-29
 -1.13596e-28
 -2.90301e-28
 2.1457e-28
 -8.83524e-29
 -3.5341e-28
 -1.3884e-28
 -6.31089e-29
 5.55358e-28
 -3.78653e-29
 3.02923e-28
 3.91275e-28
 4.79627e-28
 7.57306e-29
 4.54384e-28
 -1.26218e-28
 -3.78653e-29
 -7.95172e-28
 6.31089e-29
 -5.04871e-29
 -3.02923e-28
 6.31089e-29
 5.42736e-28
 2.65057e-28
 -1.51461e-28
 -1.00974e-28
 5.23804e-28
 -7.57306e-29
 3.34477e-28
 -3.40788e-28
 -4.41762e-29
 7.63617e-28
 4.22829e-28
 2.58746e-28
 -9.78188e-28
 -4.03897e-28
 2.52435e-29
 1.32529e-28
 -2.65057e-28
 -3.66031e-28
 -8.70902e-28
 -1.4515e-28
 -1.89327e-29
 1.26218e-29
 -4.92249e-28
 1.20538e-27
 9.65566e-28
 -3.59721e-28
 -4.41762e-29
 -1.19907e-28
 2.01948e-28
 5.17493e-28
 -1.76705e-28
 4.41762e-29
 9.15079e-28
 -1.13596e-28
 7.44685e-28
 -2.96612e-28
 -6.94198e-29
 6.31089e-29
 -1.89327e-28
 6.81576e-28
 -1.13596e-28
 -6.75265e-28
 6.56332e-28
 -2.39814e-28
 -8.89835e-28
 4.03897e-28
 2.71368e-28
 -4.16519e-28
 -4.60695e-28
 2.33503e-28
 8.33037e-28
 1.32529e-27
 -5.30115e-28
 -2.33503e-28
 2.96612e-28
 -3.78653e-29
 1.26218e-28
 -2.71368e-28
 8.83524e-29
 -1.10441e-27
 -1.54617e-27
 -1.00343e-27
 -2.01948e-28
 2.08259e-28
 -9.2139e-28
 -5.6798e-28
 -2.65057e-28
 7.57306e-28
 7.44685e-28
 6.68954e-28
 4.2914e-28
 9.277e-28
 6.05845e-28
 8.44552e-28
 -2.55547e-28
 -2.29819e-28
 -1.29971e-28
 -1.25858e-28
