-1.02741e-26
 2.29716e-26
 3.78653e-28
 3.5341e-27
 8.35561e-27
 3.28166e-28
 5.73029e-27
 -6.36137e-27
 -4.79627e-28
 -1.6484e-26
 -9.31487e-27
 1.06528e-26
 4.08945e-27
 3.68556e-27
 1.03751e-26
 3.81178e-27
 9.08768e-27
 9.16341e-27
 8.10318e-27
 -5.57882e-27
 6.20991e-27
 1.72413e-26
 5.35163e-27
 -1.94375e-27
 1.11072e-26
 6.841e-27
 3.33215e-27
 -4.19043e-27
 3.78653e-27
 -3.5341e-28
 -1.10062e-26
 -7.97696e-27
 -2.01948e-28
 1.91851e-27
 -6.31089e-28
 -6.53808e-27
 4.54384e-27
 1.43888e-27
 1.11829e-26
 9.56731e-27
 1.5651e-27
 3.15544e-27
 1.25713e-26
 4.36713e-27
 6.81576e-28
 1.00722e-26
 1.24703e-26
 1.64083e-27
 -3.38264e-27
 -2.85252e-27
 -1.23693e-27
 2.49911e-27
 -5.30115e-28
 1.99424e-27
 3.81178e-27
 -4.19043e-27
 -1.81754e-27
 8.00221e-27
 1.26218e-27
 1.7721e-26
 5.55358e-28
 2.17095e-27
 7.69928e-27
 1.02994e-26
 7.2449e-27
 -3.25642e-27
 1.13344e-26
 -1.30762e-26
 -8.20415e-27
 3.88751e-27
 -1.11324e-26
 7.19441e-27
 2.12046e-27
 1.76705e-28
 -1.86802e-27
 2.22143e-27
 8.43135e-27
 6.03321e-27
 1.18392e-26
 -6.56332e-28
 -4.08945e-27
 -8.10318e-27
 -1.76705e-28
 4.41762e-27
 2.32241e-27
 -2.57484e-27
 -9.59255e-27
 1.44141e-26
 2.59251e-26
 1.4616e-26
 6.0837e-27
 -2.01948e-28
 -1.07538e-26
 -5.55358e-27
 -2.01948e-28
 -4.92249e-27
 -5.12444e-27
 4.49335e-27
 -1.84278e-27
 -8.02745e-27
 -5.8565e-27
 3.40788e-27
 -3.68556e-27
 -3.73605e-27
 2.70106e-27
 -7.14392e-27
 -8.60805e-27
 2.77679e-27
 -3.98848e-27
 1.3884e-27
 3.78653e-28
 -6.36137e-27
 -4.99822e-27
 -7.8255e-28
 2.01948e-28
 -6.56332e-28
 -8.48183e-27
 -3.10496e-27
 -2.57484e-27
 -3.88751e-27
 -8.53232e-27
 -1.51461e-27
 -2.19619e-27
 -8.83524e-28
 -6.53808e-27
 -5.25066e-27
 2.70106e-27
 6.99246e-27
 -4.49335e-27
 3.76129e-27
 4.06421e-27
 7.32063e-28
 -3.5341e-28
 4.2914e-27
 -1.46413e-27
 -2.52435e-27
 1.94375e-27
 7.4216e-27
 -1.13596e-27
 -4.44286e-27
 5.55358e-28
 -1.51461e-27
 -4.94774e-27
 -5.60407e-27
 -4.872e-27
 -5.95748e-27
 -4.2914e-27
 -6.2604e-27
 -4.54384e-28
 4.2914e-28
 -5.07395e-27
 -3.45837e-27
 3.38264e-27
 -8.83524e-28
 -7.57306e-29
 1.79229e-27
 2.42338e-27
 5.30115e-28
 1.08547e-27
 -6.31089e-28
 3.28166e-28
 1.76705e-28
 6.0837e-27
 -4.2914e-28
 -1.18645e-27
 -4.54384e-28
 6.61381e-27
 1.969e-27
 1.23693e-27
 2.52435e-27
 -1.23693e-27
 -6.81576e-28
 3.07971e-27
 4.54384e-28
 -4.72054e-27
 -7.27014e-27
 -2.04473e-27
 -7.29539e-27
 -2.32241e-27
 -3.28166e-27
 1.84278e-27
 -4.49335e-27
 -3.76129e-27
 -1.66607e-27
 -1.28742e-27
 -7.27014e-27
 -1.26218e-27
 -1.7418e-27
 -4.03897e-28
 -7.47209e-27
 6.18467e-27
 3.60983e-27
 1.94375e-27
 1.06023e-27
 6.58857e-27
 -4.03897e-27
 -8.38086e-27
 -5.65455e-27
 -6.81576e-28
 -3.35739e-27
 8.02745e-27
 6.46235e-27
 8.12842e-27
 1.088e-26
 2.57484e-27
 2.27192e-27
 4.77103e-27
 2.42338e-27
 4.46811e-27
 6.56332e-28
 2.52435e-27
 1.969e-27
 1.36315e-27
 1.64083e-27
 2.42338e-27
 -6.05845e-27
 5.80602e-28
 -3.33215e-27
 -2.57484e-27
 -4.46811e-27
 4.08945e-27
 -4.01372e-27
 -3.78653e-28
 -2.92825e-27
 -9.59255e-28
 -5.32639e-27
 2.52435e-28
 2.77679e-28
 -2.49911e-27
 1.18645e-27
 -2.01948e-28
 1.28742e-27
 7.32063e-28
 -2.29716e-27
 -1.94375e-27
 -2.9535e-27
 2.44862e-27
 -4.5186e-27
 -8.83524e-28
 4.41762e-28
 -1.62821e-27
 -9.9712e-28
 1.32529e-27
 1.48937e-27
 1.00974e-28
 -2.52435e-27
 7.06819e-28
 1.43888e-27
 6.81576e-28
 -1.13596e-28
 1.13596e-28
 9.34011e-28
 6.4371e-28
 3.38264e-27
 -1.57772e-27
 1.55248e-27
 -3.78653e-28
 9.46633e-28
 -9.59255e-28
 2.77679e-28
 1.55248e-27
 1.11072e-27
 9.71877e-28
 -8.70902e-28
 -1.31266e-27
 8.70902e-28
 2.60009e-27
 -6.56332e-28
 1.37577e-27
 1.89327e-28
 6.4371e-28
 4.2914e-28
 1.08547e-27
 2.00686e-27
 1.08547e-27
 1.19907e-27
 1.24956e-27
 -4.2914e-28
 -1.72918e-27
 1.28742e-27
 -9.46633e-28
 -6.18467e-28
 1.65345e-27
 1.76705e-27
 2.01948e-28
 2.80203e-27
 -2.52435e-28
 1.94375e-27
 -4.03897e-28
 5.04871e-29
 1.09809e-27
 1.89327e-28
 -2.90301e-28
 1.17383e-27
 -3.78653e-29
 1.53986e-27
 7.8255e-28
 1.46413e-27
 4.79627e-28
 2.32241e-27
 1.04761e-27
 1.5651e-27
 1.65345e-27
 7.95172e-28
 3.78653e-28
 1.60297e-27
 -1.31266e-27
 -1.48937e-27
 8.70902e-28
 -1.88064e-27
 -8.07794e-28
 7.8255e-28
 -1.13596e-27
 1.26218e-27
 1.76705e-28
 -7.8255e-28
 6.94198e-28
 -3.15544e-28
 1.06023e-27
 -1.77967e-27
 3.40788e-28
 1.04761e-27
 1.8554e-27
 -1.1612e-27
 1.37577e-27
 2.90301e-28
 9.46633e-28
 3.5341e-28
 -1.00974e-28
 1.76705e-28
 -8.83524e-29
 -1.89327e-28
 2.1457e-28
 -2.65057e-28
 -1.26218e-28
 -4.03897e-28
 8.83524e-29
 3.15544e-28
 1.51461e-28
 -3.40788e-28
 -4.67006e-28
 8.96146e-28
 -2.77679e-28
 -4.41762e-28
 3.15544e-28
 -6.18467e-28
 -4.03897e-28
 -3.78653e-29
 5.42736e-28
 -1.89327e-28
 7.57306e-28
 2.77679e-28
 -5.04871e-28
 -9.84498e-28
 6.31089e-29
 -7.57306e-28
 -2.65057e-28
 -6.94198e-28
 6.31089e-29
 -4.92249e-28
 -3.78653e-28
 -2.39814e-28
 -3.78653e-28
 -6.18467e-28
 1.26218e-29
 2.39814e-28
 -1.51461e-28
 -1.06023e-27
 -5.04871e-28
 -3.78653e-29
 -8.96146e-28
 -3.78653e-29
 -3.91275e-28
 -9.34011e-28
 2.33503e-28
 5.04871e-29
 -2.1457e-28
 5.86913e-28
 -2.01948e-28
 -8.14104e-28
 -1.83016e-28
 1.89327e-28
 -4.41762e-28
 -1.218e-27
 2.20881e-28
 3.66031e-28
 2.96612e-28
 2.46125e-28
 -4.9856e-28
 0.0
 -7.1313e-28
 -1.70394e-28
 7.44685e-28
 1.65345e-27
 1.51461e-28
 4.2914e-28
 3.40788e-28
 1.89327e-28
 -2.77679e-28
 0.0
 6.31089e-30
 2.08259e-28
 -1.11072e-27
 -2.1457e-28
 5.61669e-28
 -2.27192e-28
 -1.4515e-28
 1.5083e-27
 6.56332e-28
 7.50996e-28
 -3.34477e-28
 7.57306e-28
 -6.31089e-30
 2.46125e-28
 1.18645e-27
 5.11182e-28
 -5.61669e-28
 -7.95172e-28
 -4.2914e-28
 -1.70394e-28
 3.15544e-29
 1.70394e-27
 6.62643e-28
 -6.31089e-29
 6.94198e-29
 6.50021e-28
 1.64083e-28
 4.67006e-28
 1.20538e-27
 3.28166e-28
 3.34477e-28
 6.374e-28
 -1.3884e-28
 -1.53986e-27
 -1.74812e-27
 -7.8255e-28
 -8.20415e-28
 6.31089e-29
 7.00508e-28
 2.27192e-28
 -1.1612e-27
 -1.47044e-27
 -8.20415e-29
 -1.22431e-27
 6.94198e-28
 -3.28166e-28
 6.374e-28
 -6.18467e-28
 1.19907e-28
 -7.1313e-28
 -4.35451e-28
 -2.90301e-28
 6.05845e-28
 -1.64083e-28
 -4.48073e-28
 -6.05845e-28
 1.11072e-27
 -2.52435e-28
 2.46125e-28
 4.9856e-28
 -3.09233e-28
 7.57306e-29
 -1.00974e-27
 -2.8399e-28
 4.73317e-28
 4.60695e-28
 8.5197e-28
 4.41762e-28
 -4.03897e-28
 3.21855e-28
 -7.44685e-28
 5.04871e-28
 7.57306e-28
 -1.95638e-28
 2.02579e-27
 1.60297e-27
 1.19907e-27
 1.3884e-28
 -6.05845e-28
 7.50996e-28
 -1.4515e-28
 -5.04871e-28
 -3.84964e-28
 -3.78653e-29
 6.56332e-28
 4.60695e-28
 2.39814e-28
 -5.36425e-28
 9.08768e-28
 -9.46633e-29
 -5.99534e-28
 5.74291e-28
 -5.80346e-28
 7.42045e-29
 1.52034e-29
 1.26438e-29
 2.73517e-28
 -1.02028e-29
 7.66826e-29
 -4.75085e-29
