4.41762e-28
 -2.90301e-28
 -1.43888e-27
 -1.11072e-27
 5.42736e-28
 -1.3884e-27
 -2.90301e-28
 -1.48937e-27
 -2.27192e-28
 -1.41364e-27
 -1.11072e-27
 -1.21169e-27
 -3.91275e-28
 -3.78653e-28
 -9.9712e-28
 1.31266e-27
 -1.03499e-27
 5.17493e-28
 8.07794e-28
 4.92249e-28
 5.30115e-28
 -5.42736e-28
 1.51461e-28
 -1.06023e-27
 1.36315e-27
 -1.00974e-28
 -1.4515e-27
 1.64083e-28
 -1.72918e-27
 -3.78653e-29
 3.5341e-28
 -5.80602e-28
 -1.13596e-28
 -7.44685e-28
 1.09809e-27
 -6.31089e-28
 -9.9712e-28
 -7.69928e-28
 8.58281e-28
 -1.42626e-27
 2.65057e-28
 -8.83524e-29
 -7.57306e-29
 -2.52435e-29
 8.83524e-29
 -1.88064e-27
 -1.22431e-27
 -1.26218e-29
 1.89327e-28
 -5.55358e-28
 3.15544e-28
 1.04761e-27
 -4.2914e-28
 4.03897e-28
 6.81576e-28
 5.42736e-28
 5.04871e-29
 6.05845e-28
 6.81576e-28
 -3.78653e-28
 2.52435e-28
 7.57306e-29
 -1.04761e-27
 1.43888e-27
 -2.90301e-28
 4.2914e-28
 6.68954e-28
 -5.30115e-28
 1.11072e-27
 -4.79627e-28
 -6.18467e-28
 -1.26218e-29
 -1.48937e-27
 -5.42736e-28
 1.3884e-28
 1.13596e-28
 1.3884e-28
 1.33791e-27
 8.96146e-28
 1.52723e-27
 -2.27192e-28
 7.32063e-28
 5.30115e-28
 -1.26218e-29
 -1.22431e-27
 -1.2748e-27
 -1.76705e-28
 -7.8255e-28
 -4.54384e-28
 5.30115e-28
 9.46633e-28
 1.33791e-27
 6.81576e-28
 4.92249e-28
 -2.1457e-28
 -4.41762e-28
 -5.30115e-28
 -4.16519e-28
 3.02923e-28
 4.03897e-28
 6.31089e-28
 7.8255e-28
 1.48937e-27
 -3.40788e-28
 4.92249e-28
 1.13596e-28
 3.40788e-28
 -1.13596e-28
 5.30115e-28
 -5.04871e-28
 1.02236e-27
 1.51461e-28
 1.55248e-27
 4.79627e-28
 -5.80602e-28
 1.32529e-27
 -1.26218e-29
 5.80602e-28
 -5.6798e-28
 -2.77679e-28
 4.54384e-28
 9.08768e-28
 -6.56332e-28
 -2.77679e-28
 4.54384e-28
 1.51461e-28
 5.80602e-28
 7.57306e-28
 -4.67006e-28
 -3.66031e-28
 -7.19441e-28
 -3.5341e-28
 -7.95172e-28
 9.71877e-28
 9.71877e-28
 -4.92249e-28
 1.26218e-28
 -6.56332e-28
 1.76705e-28
 3.78653e-28
 -7.57306e-29
 1.80491e-27
 1.02236e-27
 -2.77679e-28
 -4.67006e-28
 3.28166e-28
 -4.67006e-28
 -2.90301e-28
 -1.08547e-27
 3.28166e-28
 6.94198e-28
 -2.90301e-28
 5.80602e-28
 -4.92249e-28
 6.31089e-29
 8.58281e-28
 -1.76705e-28
 6.4371e-28
 4.92249e-28
 2.52435e-29
 2.52435e-29
 1.06023e-27
 -2.1457e-28
 4.54384e-28
 4.16519e-28
 1.76705e-28
 5.30115e-28
 5.55358e-28
 9.9712e-28
 2.39814e-28
 7.57306e-29
 -2.1457e-28
 -1.13596e-28
 6.56332e-28
 1.51461e-28
 3.28166e-28
 5.04871e-29
 8.07794e-28
 6.31089e-29
 1.76705e-28
 6.4371e-28
 8.20415e-28
 -6.4371e-28
 -3.15544e-28
 1.76705e-28
 -1.89327e-28
 1.76705e-28
 2.52435e-29
 4.2914e-28
 3.5341e-28
 7.8255e-28
 1.00974e-28
 -2.65057e-28
 1.89327e-28
 2.1457e-28
 5.17493e-28
 -4.79627e-28
 -3.66031e-28
 -8.83524e-29
 -3.78653e-28
 -3.78653e-28
 -1.51461e-28
 -7.32063e-28
 -6.68954e-28
 6.31089e-28
 6.56332e-28
 -1.89327e-28
 1.3884e-28
 -3.78653e-28
 -4.92249e-28
 2.52435e-28
 -9.46633e-28
 3.78653e-29
 -6.18467e-28
 -9.59255e-28
 -8.83524e-29
 0.0
 4.16519e-28
 -5.04871e-29
 5.04871e-29
 -3.40788e-28
 4.2914e-28
 -6.31089e-29
 3.91275e-28
 5.04871e-28
 -4.16519e-28
 -4.41762e-28
 -2.65057e-28
 7.57306e-29
 -8.07794e-28
 8.70902e-28
 1.76705e-28
 4.2914e-28
 3.78653e-29
 -3.66031e-28
 3.91275e-28
 2.90301e-28
 -2.39814e-28
 2.65057e-28
 6.94198e-29
 5.04871e-29
 -2.90301e-28
 -5.36425e-28
 -7.19441e-28
 -1.3884e-28
 5.30115e-28
 5.04871e-28
 -4.2914e-28
 -8.58281e-28
 -4.2914e-28
 -3.5341e-28
 -1.4515e-28
 1.3884e-28
 5.04871e-29
 2.08259e-28
 2.52435e-28
 -3.72342e-28
 1.32529e-28
 -3.84964e-28
 7.63617e-28
 4.67006e-28
 -3.91275e-28
 -5.6798e-28
 7.57306e-29
 1.00974e-28
 4.60695e-28
 2.46125e-28
 8.5197e-28
 2.90301e-28
 3.09233e-28
 5.04871e-29
 1.89327e-28
 -5.6798e-29
 2.52435e-29
 -3.34477e-28
 0.0
 -3.02923e-28
 1.70394e-28
 1.32529e-28
 5.04871e-28
 1.57772e-28
 -7.57306e-29
 -3.66031e-28
 -6.94198e-29
 -1.3884e-28
 1.76705e-28
 1.19907e-28
 7.57306e-29
 -1.57772e-28
 -9.46633e-29
 7.19441e-28
 5.04871e-28
 2.77679e-28
 1.00974e-28
 3.84964e-28
 3.28166e-28
 5.11182e-28
 6.31089e-29
 -4.35451e-28
 2.58746e-28
 1.51461e-28
 -6.31089e-30
 -4.22829e-28
 -4.79627e-28
 -6.31089e-30
 3.78653e-29
 -1.83016e-28
 2.52435e-28
 -1.83016e-28
 -5.04871e-29
 1.13596e-28
 2.46125e-28
 -1.07285e-28
 6.12156e-28
 3.47099e-28
 2.96612e-28
 8.20415e-29
 -3.91275e-28
 4.03897e-28
 1.26218e-28
 -3.34477e-28
 -1.64083e-28
 1.13596e-28
 1.95638e-28
 -1.19907e-28
 -1.89327e-29
 6.94198e-29
 5.6798e-29
 1.32529e-28
 6.94198e-29
 4.41762e-29
 2.20881e-28
 7.57306e-29
 7.57306e-29
 2.52435e-29
 1.07285e-28
 1.32529e-28
 -1.57772e-28
 -5.04871e-29
 9.46633e-29
 -1.00974e-28
 -1.89327e-29
 1.00974e-28
 -1.26218e-29
 8.20415e-29
 6.31089e-29
 -1.83016e-28
 2.46125e-28
 2.77679e-28
 1.70394e-28
 0.0
 5.6798e-29
 6.94198e-29
 1.51461e-28
 2.58746e-28
 1.89327e-29
 -1.57772e-28
 -1.00974e-28
 2.52435e-29
 1.00974e-28
 2.27192e-28
 -1.57772e-28
 -1.19907e-28
 -5.6798e-29
 1.32529e-28
 -6.94198e-29
 1.26218e-28
 6.31089e-29
 -2.52435e-29
 2.27192e-28
 -1.00974e-28
 8.83524e-29
 5.04871e-29
 -9.46633e-29
 -4.73317e-29
 -1.3884e-28
 8.20415e-29
 0.0
 -6.62643e-29
 1.26218e-29
 -1.13596e-28
 3.47099e-29
 -9.15079e-29
 -1.35684e-28
 -2.52435e-29
 -1.26218e-28
 -4.10208e-29
 1.29373e-28
 1.60928e-28
 7.57306e-29
 -1.41995e-28
 -5.36425e-29
 1.73549e-28
 1.13596e-28
 -2.8399e-29
 5.99534e-29
 -1.7986e-28
 -5.99534e-29
 -1.0413e-28
 4.73317e-29
 -1.35684e-28
 -9.78188e-29
 2.39814e-28
 1.83016e-28
 1.29373e-28
 -7.57306e-29
 -2.8399e-29
 -7.88861e-29
 1.19907e-28
 -4.73317e-29
 -1.83016e-28
 3.15544e-29
 -6.62643e-29
 -3.15544e-29
 -8.83524e-29
 -6.62643e-29
 -2.24036e-28
 -5.04871e-29
 1.57772e-28
 1.73549e-28
 1.0413e-28
 2.20881e-29
 1.00974e-28
 -3.78653e-29
 -1.41995e-28
 1.13596e-28
 4.73317e-29
 1.26218e-29
 -1.26218e-29
 -1.35684e-28
 -9.78188e-29
 -1.89327e-28
 1.16751e-28
 0.0
 1.54617e-28
 4.10208e-29
 -2.90301e-28
 -1.83016e-28
 -1.07285e-28
 -1.16751e-28
 -6.31089e-30
 1.29373e-28
 -4.73317e-29
 4.41762e-29
 1.10441e-28
 -8.83524e-29
 9.78188e-29
 0.0
 -6.31089e-29
 1.07285e-28
 4.41762e-29
 -1.32529e-28
 -9.46633e-30
 9.46633e-30
 -1.89327e-29
 -1.00974e-28
 1.26218e-29
 3.15544e-29
 1.19907e-28
 9.46633e-29
 -5.36425e-29
 -1.16751e-28
 5.04871e-29
 7.57306e-29
 9.46633e-29
 4.10208e-29
 6.31089e-30
 6.62643e-29
 1.32529e-28
 2.33503e-28
 1.32529e-28
 0.0
 -7.25752e-29
 -2.8399e-29
 -6.31089e-30
 -2.8399e-29
 -9.78188e-29
 3.47099e-29
 5.04871e-29
 3.15544e-30
 1.26218e-28
 -9.78188e-29
 -1.26218e-28
 -3.78653e-29
 -1.0413e-28
 -2.8399e-29
 -2.20881e-29
 -5.04871e-29
 2.20881e-29
 8.83524e-29
 -2.8399e-29
 -3.15544e-30
 -3.74458e-29
 -2.23767e-29
 -1.35684e-28
 -9.65444e-29
 -1.03154e-28
 -2.35276e-30
 2.22214e-29
 4.59934e-29
